-4.62694688060682e-05
-0.000566056499416187
0.000549562346622876
0.000810395778949645
0.000853168310781154
0.000803782235907097
0.000181330093486634
-0.000112699781295604
-0.000666836714095382
-0.000590030130708727
-1.20507845891606e-04
-5.44887167827384e-04
-5.88533400351076e-05
7.11272027432482e-05
8.00625550268298e-04
5.08520435770438e-04
-1.16092430962993e-05
-6.64654199468564e-06
-1.40554127403628e-05
-2.32843460511435e-05
9.30727933895021e-05
2.44584471823454e-04
7.32270486117708e-05
2.32225855605277e-05
1.44997541232775e-04
3.31719724241563e-04
2.20048940099817e-05
-7.32681004894185e-05
-8.77362760354830e-04
-1.23371613687512e-03
-2.23152871287712e-03
-4.04288250404689e-03
-1.07480927249728e-04
-9.29373869056772e-05
6.62151779092792e-05
1.19272267707397e-04
1.21019867924054e-04
8.02458521391029e-05
-1.51365570778050e-03
-3.13304970665268e-04
4.70251976686676e-04
3.96940592173153e-04
1.14374485461482e-03
1.50686108743220e-03
-4.31831533791229e-04
-3.55751567073918e-04
-1.58636181449407e-04
1.03906096394533e-04
1.96727949136381e-04
4.75030128657863e-05
2.54291924082769e-05
2.92382938553352e-05
5.65737907629391e-06
4.08591597029178e-05
1.17943924111919e-04
6.26818680259688e-05
-3.21965298941847e-05
-1.13656726440552e-05
-1.85954894202446e-05
-1.34228843737538e-04
-1.99448641881252e-04
-2.87388271701853e-04
-1.02856471297499e-05
2.30587804954455e-04
1.07096233220082e-04
-2.85129630697365e-04
2.24700406451313e-04
-7.44832650786767e-04
1.13677718607236e-05
1.04608237689251e-03
8.89738894834776e-04
5.88343663584564e-04
2.00960600373559e-04
4.32253211679337e-05
-3.89280848375545e-04
2.11489074668683e-04
1.55501554572242e-04
-1.63580770301970e-03
-3.49540152646319e-03
1.36565518930047e-04
1.16183847241529e-04
7.87893049409808e-05
4.64566643410830e-05
4.42594623091060e-05
2.69427516335708e-05
1.21665316220672e-05
-4.56364080393907e-05
-5.33481331532100e-05
1.05667497519431e-04
3.62504679705823e-05
2.19838590169515e-05
1.85517758821073e-04
4.09752575405710e-04
6.75785486430241e-05
1.96287533336651e-04
3.44640193807254e-04
4.26392765437574e-04
9.65611484394337e-04
1.18470126061546e-03
1.14307644055961e-03
7.36161538966632e-04
-3.44077738943681e-04
-3.70948636844290e-04
3.24143485168676e-05
1.68126893545616e-04
2.72832135864281e-04
3.09941820199321e-04
2.50686728476752e-04
1.90934459499507e-04
1.20405318721900e-04
-1.77116047049875e-04
5.02020317951134e-04
7.59555879017321e-04
6.89001700017311e-04
4.51651215961140e-04
-2.01420622403915e-03
-2.91208520625708e-05
-2.89550266086320e-05
3.77966910756898e-04
4.18891319380747e-04
-5.71490630127584e-04
-8.81638582376042e-04
1.03621519794859e-03
-1.41421125858375e-03
-1.16383241657696e-03
6.79506290617062e-05
7.95330164222040e-05
5.99824705218932e-05
-1.23144878583100e-05
8.24064878241494e-05
2.37043302316063e-04
3.16683576290257e-04
3.19102349626250e-04
3.21572379302538e-04
2.51499199103368e-04
1.26343547805411e-04
-1.01820767786845e-04
1.43342129450909e-04
6.89300688270540e-05
4.78619482809008e-04
-1.90070983092729e-04
-1.07864622872775e-04
-6.76699738835263e-05
-5.67598064024625e-05
-1.05263406214482e-04
2.10787307693896e-04
2.74593715841486e-04
-3.89736680825680e-05
1.43182960805339e-03
-9.13065349090350e-04
-2.09679391137109e-05
-6.74536716836167e-05
-8.53296536081190e-05
-8.28518502423272e-05
-9.04590676039531e-05
-1.09782748205822e-04
4.79503443646557e-05
1.76872875858678e-04
1.19937576314250e-04
1.01995667636957e-04
2.32452084543630e-05
-1.87412086964512e-05
-1.43770799886110e-04
-3.09992971656792e-04
3.40872067825287e-04
-1.06542501929793e-04
-5.32576698509983e-04
-4.20805624763288e-04
-5.96547493697759e-06
2.80119497015705e-05
-3.70868372348164e-05
-2.27118290036989e-04
-1.19792329131698e-04
7.09149513279759e-05
1.36692728649405e-04
-1.13658402122669e-04
-2.55828259716392e-05
-0.00000000000000e+00
6.13351719922730e-05
-1.41970362890612e-05
2.20546003896723e-05
2.65418009245795e-04
2.04385505936009e-04
1.80493086084431e-04
7.02779268444024e-05
1.46732888034533e-05
1.12846310571510e-05
1.59914789263656e-05
2.77285595634492e-05
3.94344009020827e-05
4.47662799305087e-05
-1.73700513305987e-03
-2.80648996069153e-03
-2.15417250856193e-03
-1.39697112771785e-03
-1.16658983103370e-03
-3.04997705212243e-04
9.45375935790575e-05
7.96585753376695e-05
7.29740262117932e-05
4.39639274486526e-05
2.34151901683902e-05
2.47789264197455e-05
4.31432252861067e-05
-2.31211829978730e-04
1.80585387009437e-04
2.12024437277945e-04
2.41558033393817e-04
3.42269644788431e-04
4.07747575092223e-04
-2.17444922228344e-05
-8.81857178960302e-05
-1.27219932999608e-04
-1.69615187741819e-04
-2.00002417739484e-04
-3.00686540581873e-04
-4.94488376185089e-04
8.05319096716790e-04
-6.98325403156324e-03
-4.18196018827571e-03
6.06178537622150e-04
2.66580835319775e-03
1.86597476217891e-04
4.24535336409401e-03
6.37770063255924e-04
-2.45636832533529e-04
-1.91184232358186e-04
-3.99413966380329e-05
1.87690193920620e-04
-7.22227283280226e-04
-2.03354000631317e-03
-1.90292345879241e-03
-3.35700935404040e-06
-1.49413817235831e-06
-5.22611107378187e-06
-1.90141878778175e-04
-3.16443001420646e-04
-2.46759536540530e-04
-3.18803009884940e-04
3.47675332600981e-05
3.00165957525167e-04
1.36981008078415e-04
1.25575393123142e-04
-8.80101062045442e-05
-7.48593843314983e-04
-7.22525832578516e-05
-9.21426234194130e-06
6.99685436958108e-04
3.25153624700323e-04
-2.99746323122634e-04
-1.03408833995130e-04
3.82104306002749e-04
1.55730992063898e-04
-4.35682913538666e-05
-2.49735329821470e-04
8.22210899555886e-05
5.56777984915075e-05
-9.70731942870068e-05
3.87682496454289e-04
6.70348816168471e-04
1.72167872292007e-05
2.20818587124867e-05
-2.46699611717043e-06
-2.33592699518271e-04
1.28294575286845e-04
4.39955881881094e-04
5.09027617941898e-04
1.22316491685521e-04
-0.00000000000000e+00
-3.68384137205231e-04
5.60395599061129e-04
5.69797001702862e-04
5.64962907444004e-04
5.57215772657456e-04
5.99263817852875e-04
6.31436886915410e-04
6.61543129924437e-04
5.09954634037563e-04
-9.60959813743872e-04
-2.76315616923977e-04
-1.86377262790877e-04
7.90825659921142e-04
5.77362316017729e-04
3.19603194659418e-04
2.29362024654721e-04
9.89972187830557e-05
-1.82782189889217e-04
-4.45409821174885e-04
-6.19326269872696e-04
-7.80308351728224e-04
-8.80519219767471e-04
-8.67942924314821e-04
9.06708969118159e-07
3.33540963980913e-05
8.77685947550165e-05
1.09743036946435e-04
6.56048365378270e-05
8.37562670403743e-06
3.91520620352784e-04
3.38811007339799e-05
-8.24078628026615e-05
-3.90968275615369e-05
4.61751477861000e-05
0.00000000000000e+00
2.15796147320819e-04
2.98296237913519e-04
-1.33069839139171e-03
-1.58341313881735e-03
-1.75708754730962e-03
9.20308006030212e-04
5.91127348927160e-04
5.41136263382646e-04
4.61170143665730e-04
4.40716092173192e-04
-0.00000000000000e+00
8.30897092007107e-05
9.51291920317948e-05
-5.44740176907404e-05
1.17389770278822e-04
-9.13368984927454e-06
-4.37300399355005e-05
-1.64992070750914e-04
-2.61118638442300e-04
-2.29009112975150e-04
9.67013560591177e-05
-2.69120665390126e-04
-8.81875850570307e-05
1.23153190256668e-04
-1.00517139141973e-04
-1.42256404428315e-05
2.52306317706523e-04
1.13247869129201e-03
-2.98323905305956e-04
-4.38077371535838e-04
-5.50454378733171e-04
-5.41494392184498e-04
-4.80894732357059e-04
-4.61288124289167e-04
-6.76617839282182e-05
-5.99718921481068e-05
-2.26923422018590e-04
-1.19545746648407e-04
1.70065346408501e-04
-3.83620103905487e-05
-1.13004858400742e-05
4.12950905560911e-04
1.16405754734183e-04
8.97108146311236e-04
1.31292904393878e-04
-1.52724094905748e-04
1.48058978959320e-05
2.64386640254911e-06
-4.97878224615106e-05
-5.40294006759566e-05
-3.81197767831053e-05
3.77703993003501e-04
4.53011572607787e-04
4.46471703508655e-04
-1.36789428160750e-03
-1.41083503251203e-03
-1.18391998631582e-03
-9.86693388940729e-04
0.00000000000000e+00
-3.84503921786971e-05
2.90127222729869e-05
2.12160328675511e-04
-3.64093820128542e-04
2.51077880207932e-03
1.90574295012983e-03
3.71936323251500e-04
7.86325364091949e-04
-2.82870776722207e-04
1.65057943307393e-03
2.14612080420056e-03
1.21622841910840e-03
6.65391118053776e-03
-1.96032729797247e-03
-4.32106428811224e-03
-1.12966254405007e-03
-3.28556702129667e-04
-1.56040075361542e-04
-5.67020445501759e-04
-8.67448901563479e-05
1.09382462870228e-03
2.93808712696606e-03
3.49841102447833e-03
-2.76185375512881e-03
-4.14412328120776e-03
-1.13583266308368e-03
-2.71970236302797e-03
-3.10116889732959e-03
1.20953948850374e-02
2.06897767641837e-03
2.61325294857180e-04
7.16382872270158e-04
4.72490737667022e-04
7.65099421430239e-04
1.53630621264822e-03
1.56641566714950e-03
1.39940808326307e-03
1.11884336517670e-03
8.00385366423433e-04
1.65215874933099e-03
3.50601520998616e-04
3.39152199899734e-04
2.89049583868257e-04
8.57802773778786e-05
-6.15689904099944e-05
-4.84860345912394e-04
-3.67660273056929e-04
-2.31446910110705e-04
-1.48977987906861e-04
-1.28816676169276e-04
-1.23756649394246e-04
-3.22675647174859e-04
-6.62061824558149e-04
-1.19974061206461e-03
-1.91302387568228e-03
-1.14293252666609e-03
2.23522124065691e-05
2.51795727472181e-04
-5.77373652276353e-04
5.57799799820835e-04
-2.44290453772796e-04
1.48797717819089e-04
-9.63246117665861e-04
-4.23697029047965e-04
-1.12103720118600e-03
1.00587255801532e-05
-2.52737966380956e-04
1.06049648038993e-03
-6.29937637471149e-04
-1.75101269400335e-06
-1.69162569601932e-04
-1.01191743690615e-04
1.24347925216191e-04
1.60433479168449e-04
-5.40335414757459e-04
-1.82795788392475e-03
-1.62707280330895e-03
-2.96599487362230e-04
-1.54075620845513e-03
-5.25495156665303e-03
1.17435638845755e-03
6.18308625763309e-03
6.33379998149182e-03
-2.16980821646976e-03
-1.07454361767951e-04
-1.84712641385110e-04
-2.62693250501505e-04
6.56605492491865e-06
2.89167912581243e-04
6.68821959912730e-04
1.22120402500627e-03
2.81522773475043e-04
4.75538135185099e-04
5.47584268419375e-04
1.14601417844053e-06
-1.78206211970934e-05
1.02471189648283e-04
0.00000000000000e+00
7.75996205272702e-05
5.79230299753324e-05
7.02639816134276e-05
9.04972057902964e-05
3.32825693523901e-04
2.98446323118707e-04
4.06957022085339e-04
5.20721322685650e-04
3.28054530011896e-05
-7.81699605969626e-04
1.03605151118751e-04
7.67044392581663e-04
7.57636912553532e-04
7.88475962035951e-04
5.06716142335563e-04
-9.39574923012234e-05
-2.01841955020472e-04
-2.39319498639628e-05
1.19373759642990e-04
1.42977564592909e-03
1.45247304086949e-03
-2.42322104430906e-04
-5.06941803912503e-04
-8.14925982795921e-04
-2.88647199969092e-04
-6.86753272219737e-04
-8.89706995967042e-04
1.34723635198224e-06
8.49593280658268e-07
-2.76090802125873e-04
-4.90188680997110e-04
-1.06974185375688e-04
3.60506623319854e-05
-4.20614956798878e-05
-1.79609397056916e-04
-3.64186000968036e-04
-1.60165156514780e-04
-1.02463963843335e-03
-5.36255269024840e-04
-1.67678101572768e-04
-1.41701276401650e-04
-3.55687058331592e-04
-5.10381702385202e-04
-6.01493188325149e-04
-3.50240561255492e-04
-1.36452692779789e-04
-4.60596332769154e-04
-4.45358523653084e-04
-4.18449834579277e-04
-3.29977625341908e-04
-1.37550953972765e-04
-2.21181902353360e-04
-1.54737742718609e-04
1.01418373692084e-06
-5.40409947029885e-05
-6.75466992898523e-05
2.25706197034548e-04
2.86927171804547e-05
1.15780163046906e-04
1.98598618583432e-04
-2.64718918797961e-03
-3.36408463640024e-03
-2.12333705235637e-03
-1.66643293598402e-03
-4.25675650883623e-04
-5.29491208740176e-04
-1.72376104291944e-03
0.00000000000000e+00
1.71528065317415e-04
7.58465276895013e-05
-2.33076919749022e-04
-2.93897959014573e-03
4.37731445025764e-05
3.89985810430450e-05
7.11992345665686e-05
3.40531555383057e-04
2.57812041903117e-04
-7.58916562459431e-05
-3.12142014717759e-04
-1.64165423454471e-05
7.07213425444743e-06
-3.60267449722028e-05
9.02400992976447e-06
4.98718449847034e-05
-2.04775919417646e-04
2.64174641008330e-05
2.66347091818530e-05
-2.52734788946599e-05
2.08224793523471e-04
-3.75312533080414e-04
-4.29708508104943e-04
-1.13694025757811e-05
-6.11024011691646e-05
4.10236406683813e-05
6.77868088870630e-05
-1.03720959580435e-03
-8.48858711362451e-04
-2.19230762436135e-03
-2.52098469646421e-03
-2.25015707973685e-03
-4.21220745116457e-04
-3.75083136250203e-04
-1.09297700955778e-03
-1.14272019156952e-03
-1.21028025677965e-03
-1.22535243582716e-03
3.14435095277228e-04
4.78840624095862e-04
4.78491974804930e-04
-1.48930348923416e-04
-7.65129330064140e-05
1.42750945159546e-04
1.88947679662003e-04
1.96494812940795e-04
1.90959134707844e-04
4.65292082664038e-05
-3.77403509383888e-05
-1.20360100703021e-04
-2.29626328707008e-04
-3.71459948728582e-04
-6.64615707302688e-04
-4.67265991279399e-04
5.40985105523203e-04
1.82373192576469e-03
1.71561024767961e-03
1.51646620727827e-03
-2.64790785634019e-04
-3.02738669385364e-04
-1.81751262308439e-04
-3.99964224007590e-04
-5.04731373921321e-04
-5.95165554966919e-04
-4.49365845861539e-04
-2.83842459633485e-04
-2.28069149014989e-04
-1.35782061188181e-04
-8.80537582739933e-05
-1.21403032722935e-05
-1.06042651832127e-04
-8.28780411477715e-05
-7.74561510674702e-05
-8.25950991563493e-05
-1.16280876117840e-04
-2.93271147616970e-04
-4.07512089107741e-04
-4.59856400347197e-04
-1.03367360524086e-03
-2.19121035584222e-04
9.36869710510240e-05
1.72301218527390e-04
3.09462395862384e-04
2.26459743215665e-05
8.47352694714358e-06
3.36851597468714e-06
-1.23191369539856e-06
1.24653949157316e-06
1.72765294390177e-05
1.29306755594917e-04
1.19207514415865e-04
1.65068680857072e-04
2.00008318124024e-06
-3.26764036477355e-05
-5.50251100749840e-05
-7.08033749184932e-04
-9.31546797608723e-04
-7.79916960485164e-04
-7.24126779998938e-05
1.12088653992351e-04
7.93017429247770e-05
-1.82329256665458e-04
2.69174891926863e-04
2.80071874916073e-04
1.07900132808259e-04
-6.20539250017106e-05
-1.68745662721272e-04
-2.54832847670815e-04
2.71775122744660e-04
5.15420726773764e-04
5.18851027161834e-05
-1.49601230458341e-05
-5.39398791699858e-05
-1.47522295989954e-04
-3.36239704032227e-05
3.52881947708979e-04
7.60053105157648e-04
7.77849578172922e-04
1.44166892019205e-03
1.02819759609485e-03
-1.22344038448197e-04
0.00000000000000e+00
1.90375634764492e-04
1.93037684827605e-04
2.17196584820283e-04
2.24946679704431e-04
2.21160799147791e-04
1.91540357283696e-04
1.65100255715250e-04
-1.88882751751211e-04
-2.01225991956240e-04
-1.95273636213334e-04
-2.72618248388215e-05
-9.81960900280840e-04
5.08617990572672e-04
5.86959397923286e-04
-0.00000000000000e+00
-5.27741193412652e-04
-6.03907460613281e-04
-7.41513117993734e-05
5.04141556940606e-05
1.97862759006338e-04
1.45903209549479e-04
6.07426019547342e-04
8.26166488577283e-04
9.07186037848784e-04
6.58952055648125e-04
2.73243906921362e-04
2.20798808851094e-04
5.54299871061290e-05
1.34721077240143e-04
2.57304509283696e-04
1.75982766156701e-04
7.09651588037440e-05
1.27885029530780e-05
-1.63064968926037e-04
3.30415399357121e-04
3.71670760508564e-04
4.10924853189164e-04
3.41747966896301e-04
6.34056951411526e-05
1.13096257396350e-06
-2.83080399705203e-04
8.25345181983922e-05
-1.35812116539508e-04
-1.22378926694126e-04
-0.00000000000000e+00
-1.99983011393365e-05
4.86428491048069e-05
1.29804883192960e-04
9.83516644945543e-04
-2.32717884978234e-04
-2.65046166095477e-04
5.14686578666684e-09
1.60225177355883e-05
1.12070508574348e-05
-1.53092732151441e-05
-1.10575862641886e-04
-3.62712258985546e-04
-3.04864236049161e-04
-2.94385123914394e-04
-2.33059982406513e-04
-1.51124043948046e-04
-9.85374791308376e-04
3.42255919748496e-04
3.98189343698160e-04
9.77795379965448e-06
-9.55546529098545e-06
-2.15641632836068e-05
1.30349250244261e-04
1.73116864592783e-04
1.05147021560038e-03
8.48404396665475e-04
-6.75169487421384e-05
-1.76641594511972e-04
-2.94513178719369e-04
-3.74151719695981e-04
1.27627668704534e-04
6.27826052551384e-04
6.36422069127954e-04
8.65129493479980e-04
1.67433623446275e-03
3.40667272354874e-05
-3.93741028374852e-04
-6.47861509253684e-04
-2.75567455118897e-04
-9.15224079686292e-05
1.17224099866903e-03
6.95789085772860e-04
4.09109736867581e-04
6.42823993994959e-04
1.26621111527269e-03
-0.00000000000000e+00
-3.08975381538113e-06
-7.19442526928217e-06
-1.95532846458062e-05
-4.38626037464647e-05
-2.78454811545787e-04
-7.77749590735002e-04
-4.65734474994625e-04
-0.00000000000000e+00
-2.22037561579093e-04
-5.36663837914474e-04
-4.58574737095023e-04
-5.67609545380026e-04
-5.49462504221260e-04
-4.68224609445692e-04
-1.75860564664775e-04
7.30698184334923e-05
-1.93023710739340e-04
-2.71518217225012e-04
-1.90061575471051e-04
1.86959540665489e-04
-1.11116554573380e-04
1.20730154737642e-06
2.46786820248326e-03
2.54191329695976e-03
7.48082583243194e-04
7.17860459202324e-04
4.27909864095358e-04
2.55343584042054e-04
-3.45283866642777e-04
-4.70796608726755e-04
-3.08710391248342e-04
-2.48878487688734e-04
7.25876834222121e-05
2.19696382145797e-05
1.20054242141017e-05
1.54647972212685e-05
-1.49049735100063e-04
-2.67602280321279e-04
-2.92396164879811e-04
-2.97115452079374e-04
3.92132206687716e-04
2.20954092649910e-04
-8.18499220610183e-04
-6.58571548042054e-04
-4.35613171419155e-06
-2.45205394785809e-05
-4.92990576027465e-05
-1.15172256403473e-05
1.18166970451597e-04
2.52208610962069e-04
9.56806886237037e-05
-4.35912185433501e-06
-1.41897113825436e-03
-4.71259010709493e-05
-8.87045252013740e-05
-7.34886918550157e-05
2.84089886766994e-05
9.48553518666942e-05
-4.90126452379811e-04
-9.04535954381361e-04
-9.32353923698325e-04
-8.04597414789171e-04
-5.30366697072537e-04
-8.82065399619299e-04
-3.89359099646340e-04
-1.78937333739770e-04
1.18297389328980e-04
9.91757461251420e-05
1.77883722551160e-04
1.32167218369993e-04
-2.66947099111418e-04
1.22231884778017e-03
8.69757483180321e-04
3.01844791085795e-04
4.48537826005468e-04
2.91350966062922e-04
-9.15833040104588e-05
-1.87848151142961e-04
-9.36273647970193e-04
-7.87972218804433e-04
-7.64251637148508e-04
-5.06514613350734e-04
-1.02371537564487e-04
-4.88790182910721e-04
1.71786230923407e-03
5.46433504785748e-04
1.53668545714918e-04
-1.12283173174975e-03
-4.29139052917563e-06
-2.06481932530120e-05
-2.94409292620447e-05
-7.88179716712886e-05
-7.93007270901153e-05
-9.79562093044989e-05
-2.53013778287521e-04
-4.65863693657888e-04
-4.79894959740328e-04
-4.57117829725025e-04
-4.43338490324245e-04
-5.60296663620193e-04
-1.71870075871464e-04
6.70494876023591e-05
2.66551641046519e-04
2.34612590842554e-04
-3.58443111682120e-05
-1.81856094836974e-03
-5.46751254087229e-04
-7.98354522447440e-04
-4.82472504821675e-04
-4.09646681257871e-04
0.00000000000000e+00
3.87987233307063e-04
4.06797144401881e-04
6.41021090039807e-06
-4.61421192244003e-04
-4.28376361866077e-04
-3.97797497946736e-04
-1.50025650454192e-04
-6.82371695184912e-05
-4.04420638711082e-05
7.23250339835595e-05
3.74907396853719e-05
5.71705676237146e-06
-5.41647708765164e-05
-1.06138039604272e-04
1.99966207162060e-05
2.82533919746348e-04
-3.90971841123433e-04
-1.10962632860423e-04
6.96500665629206e-04
2.23615017168654e-03
1.33105612610893e-03
-1.03490897729984e-05
-1.33140766700675e-04
1.03448268497867e-03
-2.34668305815575e-04
-5.23478996991040e-04
-3.65364390002268e-04
-2.22644283960949e-04
-2.14083537378632e-04
0.00000000000000e+00
-8.06610814146329e-05
-1.41111443964265e-04
6.93513792225304e-04
9.53327463968489e-06
1.03402340391306e-04
-7.30421631923204e-04
-2.38059287541275e-04
-0.00000000000000e+00
-4.75194325065772e-07
1.66893416646222e-05
6.18838480924908e-05
1.05662395947253e-04
1.25893767149878e-04
-8.54794948809175e-05
-2.16570977507014e-05
1.55417043906097e-05
6.36443206923568e-05
-1.18748778010435e-04
-8.33035205061074e-05
-4.70071624780142e-05
1.27786893591583e-04
-5.35877221581360e-05
-4.48306405560819e-04
-5.62195828153520e-04
-6.48049775919056e-04
-1.15849969963491e-03
-1.36711559243001e-03
-1.66222505876661e-03
-4.14307045886571e-05
-9.59245912492382e-05
-8.51744439239184e-05
7.78091575624689e-04
4.21524519059759e-04
8.46949271856000e-05
-6.58183348625714e-04
-3.71181472433026e-04
-2.98331471455185e-04
9.03762934500291e-04
1.52187701167218e-03
1.26232387740346e-03
7.14198429853002e-04
3.26889344832687e-04
-2.30925567028450e-04
-2.86524534563533e-04
1.87315472152820e-03
1.30145470040072e-05
2.15691440585153e-03
3.69528030312384e-04
-2.14369589293350e-04
-1.41731800968159e-04
3.86392717167912e-05
1.08897827288898e-04
3.32511173590223e-04
9.20977522431485e-04
6.85683247872946e-04
-1.90402696925463e-03
-2.50360576937464e-03
-1.05548537707430e-04
-1.54128392944597e-04
-3.43112969675490e-04
-2.20499643753232e-04
-1.64813304616567e-04
1.86232486468348e-04
3.40938215301273e-04
8.05097182729432e-04
8.66114663606486e-04
9.97607376045751e-04
1.21189772264019e-03
1.24935587008463e-03
1.31604802674204e-03
1.33370972985128e-03
1.30055868997556e-03
-5.91070621215651e-05
-2.80960577093449e-04
-4.17961360615542e-04
-3.51458215264953e-04
-2.44599240091916e-04
-1.55584320811576e-04
-1.21661686672646e-04
1.23117949506726e-05
-4.83597639517158e-05
-1.75685042459915e-05
1.11042377828572e-04
8.32584690032260e-05
1.94004289315429e-04
2.69430746804103e-04
1.00823110472364e-04
-5.86813713926507e-04
-9.06758447602663e-04
-1.00629729596144e-04
-4.27311126317626e-04
3.72344484450272e-04
-0.00000000000000e+00
4.70708896026200e-04
5.45994686501888e-04
5.80362868889785e-04
1.18744288707468e-03
9.04814525267389e-04
-6.62303032038578e-04
-9.50464448242421e-04
-5.02276378373071e-04
1.12192760500012e-04
-1.80647890361200e-03
-1.42717623020282e-05
9.17246200282511e-04
4.24838759128280e-04
-3.27723863892300e-04
-2.70471084993882e-04
-3.10568217883044e-04
-3.13847278302642e-04
-3.37877420030405e-04
-2.19406955415761e-04
-1.65683809926271e-04
3.35261927358705e-04
3.56246883976752e-04
-1.42114705135883e-03
-8.71622710210203e-04
