0.000750741495529557
0.00120119033750096
-2.35048173675127e-06
-0.00264605673810624
-0.00857345723072074
-0.0181651439185453
0.000519356060202944
0.00072862206350069
0.000558436349791871
0.000390842075163403
2.53349854229456e-02
9.70847248062306e-04
2.39503025150424e-04
2.02665012886085e-04
-1.55801952708483e-04
2.00355511669894e-04
5.37958622138601e-03
-8.50250452585737e-05
4.99680206128719e-04
5.24835286223219e-04
4.53802248554466e-04
-2.83003440699171e-04
-6.91341351937250e-04
-5.42237850686705e-04
-1.90487520220312e-03
-2.02742607230953e-02
-1.14520586536809e-03
-5.00043016632808e-04
1.49692567203960e-04
2.33964665596291e-04
3.23565134231822e-04
-2.20086651667532e-04
-6.84518333911142e-04
-7.86898374386191e-04
-8.40389032570005e-04
-8.52108669761412e-04
-8.49278000517623e-04
-8.95494443206679e-04
-5.86240312401914e-04
5.23605360995870e-05
4.12345113252173e-04
-1.86462787090499e-04
-3.22303048667438e-04
-2.04768074987869e-04
-2.28664272876735e-03
6.86228590808615e-03
1.01743864142907e-02
3.74297546539973e-04
5.00525992907868e-04
3.21345559648443e-04
8.88076614582488e-05
-1.28746827904283e-03
-2.31076566059110e-03
-6.08496893033800e-03
1.93965339508734e-04
-1.91871814741299e-04
-4.30676881595442e-03
-9.50020629894866e-03
-7.44099657813765e-03
-2.16909011794995e-03
-1.89600026424419e-03
-3.04686285696857e-03
1.09222311893963e-03
-1.92057780201068e-04
1.70573391728596e-03
-7.73024136998640e-03
-1.27462831727917e-02
-1.83441591834528e-04
6.93758700755981e-04
2.50845253362866e-04
7.20350264310196e-05
4.43491005746233e-05
2.26444654094293e-05
-4.52463843476594e-04
-9.45296806957014e-03
2.35108064876116e-03
-4.68471026888504e-04
-2.21676587104964e-04
-1.49192204968009e-04
-1.73019558294629e-04
-1.98970035175595e-04
-1.82105913697995e-04
-2.77408837101545e-04
-4.24402096021978e-04
2.47452634778140e-04
3.43883368006011e-04
5.85994465283648e-04
6.19566450730239e-04
8.54948735004138e-04
1.14004782514617e-03
1.65708999647027e-03
5.70555127879387e-03
8.52764174165664e-03
6.34979877790610e-04
5.12714597683930e-04
4.80923522111823e-04
4.18412749127676e-04
6.06324369074119e-04
1.82483724633854e-03
1.97549582250100e-03
1.89790071944581e-03
-4.88800336927536e-04
-8.97386864165050e-03
2.61704071787799e-03
4.03155550266291e-03
4.94727177632723e-03
3.73051323593279e-03
-9.33841278723987e-03
-2.13792051649508e-03
-3.33937085243423e-04
7.92199405153007e-04
2.93337478822942e-03
4.66244396686833e-03
1.87212458656744e-03
7.75445191248215e-04
5.40755917345954e-04
-9.53460511967529e-04
-1.06055506303498e-03
-8.66265657320438e-04
-1.39849032317341e-03
-3.51202724079187e-02
-6.03903470421696e-04
-7.09267904605569e-05
-3.57243995772345e-04
-2.33354706602073e-04
-1.58673526014317e-03
-3.10707741052800e-03
-8.14421875796856e-03
1.16755408879494e-02
8.09675325443966e-03
7.70871495946409e-04
-1.65927588615429e-03
-4.28674849429601e-03
-1.95510253203180e-02
6.03582826453435e-04
2.03897615179799e-03
1.97049490753825e-03
2.43332426110592e-03
6.67359531439257e-04
3.69870255651266e-04
-9.77998807726096e-04
-1.42961806928192e-03
-2.13181470976621e-03
-3.44021914840277e-03
-2.59230801439052e-03
-4.98636308499857e-03
-1.89858435288295e-02
-2.44580906149576e-02
-1.73274786193425e-03
9.36086411628600e-04
-2.81235948316784e-03
1.52572161863663e-02
-7.47938479527718e-04
5.38963389727274e-04
1.86129457138255e-04
2.40608808650352e-04
7.64598083561484e-04
1.91072639695010e-03
9.11090440032901e-03
4.80810576214696e-04
9.77756065100729e-04
1.04117397216082e-03
-1.53573956548318e-03
-3.89393518662332e-02
-3.71939707714659e-02
-1.38239070965598e-04
-1.59462277566795e-06
-2.69219998979423e-04
-9.76463211134201e-04
-1.90430129466003e-03
-3.34782489823005e-02
2.11517525973154e-04
-5.81455802961714e-04
-5.28773695566184e-04
-1.73856221211421e-04
-8.66290732007520e-05
1.55736703739175e-04
-0.00000000000000e+00
-4.44421200872719e-04
2.67510754177018e-05
1.48842512339700e-04
7.48610189917562e-04
4.60268794799147e-03
7.74129959091867e-03
6.66915665934341e-03
1.03965945030422e-03
5.20739746819601e-04
8.30995947939317e-05
-3.75253578217445e-04
-9.88413634974187e-04
-6.26023086244652e-03
4.69123159644969e-03
8.75191663200678e-04
7.59974930710618e-04
3.03296643785782e-04
2.32858534817141e-04
1.91995222639689e-04
1.80030184735118e-04
2.11225415430485e-04
8.36797004172914e-04
-6.93328136249689e-04
-3.96197439599343e-04
-3.47937982849960e-04
-2.94399269803919e-04
-2.44076191756682e-04
3.63964042134562e-04
-6.28144427581958e-05
-5.47042700561489e-05
-1.56769094926387e-04
-1.94335307201279e-04
-3.61853932697953e-05
2.75939419491604e-04
3.79558363499995e-04
4.84370690372043e-04
5.94723909176603e-04
9.18803647999007e-04
2.07736022709413e-03
7.08655266515543e-04
-1.27302049405669e-04
2.77048792942421e-04
3.58367705817527e-04
5.78896674576248e-04
7.76370312329429e-04
-5.92832474848497e-03
7.83658876936277e-04
7.98845497283586e-04
2.96112149850823e-04
2.67199585121740e-02
-1.11018688332531e-03
4.59771749954202e-04
2.22525420311694e-04
1.03162309008720e-04
1.09448006817642e-03
8.76230026359305e-04
6.88901332693608e-04
1.73887201421840e-02
5.97789650412820e-04
4.07557068733475e-04
1.00573253617928e-04
-3.69201860947128e-05
-2.39392855358460e-04
-1.04148260670704e-03
-4.50362804100309e-03
-1.00778665241069e-03
4.09072518256397e-04
-3.56743478413343e-04
4.54498712717994e-04
-3.58559819078624e-03
2.98867733623340e-04
2.09481999327370e-04
-9.74390153224343e-06
-2.06040505587154e-03
-7.63593531727615e-03
-7.91582463705700e-03
-2.09172209977952e-03
3.28995926653052e-05
2.21797403991218e-04
5.19410057235938e-04
-1.58449156601756e-03
-1.92803857227799e-03
-4.42249371413430e-04
-2.72246609016809e-04
8.55680803875037e-05
9.86600470172195e-04
1.71441924186568e-03
1.07777906903743e-03
4.60526415328907e-04
-9.38189517778268e-05
-0.00000000000000e+00
-1.31976647910810e-04
-6.07330965411912e-05
-9.24294470428914e-05
-1.16688319657822e-04
-1.18487070981211e-04
-9.50789221004339e-05
-7.96762958302625e-05
-6.64110302442770e-05
1.49805789119978e-04
1.47965621901040e-04
-3.35968306467164e-02
-5.11482921184327e-05
-1.24095532318765e-04
4.54996082177216e-06
-3.36143004051620e-05
-1.92842858655906e-05
-5.69848115788572e-06
1.24900656007544e-06
-4.77250512200820e-06
-9.66777400560388e-06
9.10321690175677e-06
8.72158462816187e-05
1.03212414528513e-04
1.29649135657735e-05
-4.02216066943283e-04
-4.51118132787523e-04
-2.77483560744004e-04
-2.82228453974876e-04
-3.62300180814817e-04
1.85282167168839e-03
-4.39781871672447e-04
-3.68028735792212e-05
-2.57408609490164e-05
1.43817765234459e-05
0.00000000000000e+00
-2.09388948335240e-02
7.45314162538635e-03
-3.70891068860744e-04
-5.32843869895656e-04
-8.31648074848126e-04
-6.81465258678924e-05
-6.94059459668819e-04
-6.12202792258590e-04
-1.14519999552197e-04
6.97051976849913e-05
0.00000000000000e+00
2.94050335520035e-04
4.40482368394323e-05
-3.41344540137490e-02
-7.85362394038298e-04
-3.74621121022879e-04
-6.53130133561985e-04
-5.58642434082554e-03
1.96863959683351e-03
1.51873006419197e-02
2.01868123321442e-04
3.17433031763052e-04
2.22422674946527e-04
5.86652447718786e-05
7.40412210940420e-04
2.06411730546834e-03
8.65397542247005e-03
2.58375470790938e-03
-3.21767996945284e-04
8.32031525897779e-05
1.48633581556737e-04
-8.33922318309619e-05
-3.69434967704892e-04
-8.60511696051108e-04
-1.96068211441460e-03
-7.60612409873089e-03
-3.71159559099557e-03
-3.85923594218315e-04
8.57035980759070e-04
1.38177830598001e-03
5.00977175427832e-04
3.80430785340126e-04
1.22292815331281e-05
2.68529293151451e-05
1.15782524748808e-04
1.03231800362493e-04
3.60667309662949e-03
4.57398118975593e-03
1.94116610105118e-03
1.20581828803957e-03
8.86135328565051e-04
1.42512134647143e-03
2.34403254442926e-03
2.96716577641515e-03
4.16997711024717e-04
3.80939906501359e-04
4.00325556585450e-04
4.09000715803784e-04
0.00000000000000e+00
1.15737551882888e-02
1.59461288853369e-02
-3.28513374868012e-04
-4.04689096931123e-04
-2.93577876239571e-04
-2.84865279428456e-04
-2.22631010792795e-04
-1.11142822496102e-04
2.05759715143753e-03
-1.65216031850963e-03
-1.18093059958225e-03
-1.03884327225360e-03
-1.43384248374628e-03
-2.43314514771654e-03
-5.60052808536620e-03
-1.26203919235915e-02
-1.05857151561307e-03
-2.36172644944405e-03
5.85304443834246e-03
9.36643704629302e-04
7.47230997587988e-05
1.47866477795046e-04
2.62259469084667e-04
1.28724357610604e-03
-6.84995725278605e-03
-1.29300718195095e-03
6.17932344498453e-03
-3.17575891107660e-04
-4.50499899237520e-04
1.41836469330644e-03
-3.59575853369696e-04
-2.70534073479504e-04
-3.69485893202283e-04
-2.97652391232779e-04
-3.79134091310071e-04
-5.41588611127548e-04
-7.88036847692744e-04
-1.11407025965131e-03
9.50087209286834e-04
-4.44204200836776e-04
-1.64524486076294e-03
-9.27222555147202e-04
-3.28615945396214e-04
7.11288553903301e-04
1.11159411457586e-03
-4.33078913101299e-03
-1.17011161948070e-03
2.73915423258614e-03
-2.16883150410534e-03
-3.70235691466061e-03
1.56451209051069e-03
1.20378314551261e-03
6.75860267279315e-04
3.04623921499882e-04
7.35067715108103e-04
7.54225416427084e-04
7.36709603282626e-04
4.25824008207170e-03
-7.39550927965857e-04
-4.21450236621801e-04
-2.77053562317120e-04
-8.98904004032155e-04
-2.32114599988234e-05
-1.40636602992241e-03
-9.03125944703516e-04
1.31797328638090e-03
4.36210770361958e-04
-9.67896038459123e-04
1.08536179030911e-03
8.11525331844992e-03
5.53208684478478e-03
2.27275158778315e-03
2.93488182775114e-04
-3.38835410605063e-04
-1.18403242933899e-03
-8.40498014036666e-04
-7.67166085249176e-04
-2.71335041742709e-04
2.69458483983772e-03
4.53474407152353e-03
-1.52456606678882e-03
-1.00458281220632e-03
-2.19342847360414e-03
2.74058318859893e-04
4.85585929621376e-04
3.28294341759785e-04
3.07115212770283e-04
-4.23510412096898e-02
-3.45679963353602e-05
1.23870429999976e-04
1.73311735719449e-04
-2.75866978833293e-03
-9.20937608433524e-05
-9.35238420931375e-04
-4.83355359890441e-04
-3.92459490106430e-04
-4.41086345910903e-04
0.00000000000000e+00
2.35157737161631e-05
-6.29220476111786e-04
-7.05319788400747e-04
-6.92812535538355e-04
-1.48889970188621e-03
-1.93103684323505e-03
-1.13235347524130e-03
-6.26925679051526e-04
-3.50350189543916e-04
-1.19279940989013e-04
4.36912351651089e-05
1.38699460146311e-04
1.22823203069524e-04
-2.37122201388269e-04
-7.21260047028194e-04
3.06328019859806e-04
3.16742558643846e-04
-2.75394341053679e-02
2.41434765782253e-03
-4.39776028700131e-04
1.59989283341898e-04
1.89235349362841e-04
1.11099251487095e-03
3.90505727987977e-03
-6.01500071131090e-03
-1.10930342746615e-03
-7.31823606672036e-05
1.81900296931692e-04
1.28068153587600e-04
-1.67699501198097e-03
3.45587195536761e-03
-6.80140158638005e-04
-5.37316873924676e-04
-7.00370111866450e-04
-1.34417607088152e-03
-7.67922886377805e-04
3.95845643824888e-03
1.27326431084448e-02
1.06296627959492e-03
6.11947230828301e-04
3.86513704839493e-04
2.42226628103406e-04
-2.32712687170743e-04
-9.49838953612879e-04
-2.06527571350210e-03
-5.75431551445639e-04
6.57971702790228e-05
1.34989583837871e-04
1.85756766217357e-04
2.67017266458702e-05
1.04004695332377e-04
1.12661235370024e-04
6.89098769845334e-05
1.25091956619055e-05
-2.22123969497159e-05
-2.04138017907088e-04
2.15252181985732e-04
3.40984006824322e-03
4.03936622600101e-02
1.04938085316927e-02
5.04334978188006e-04
4.42882264067647e-04
8.70353222738837e-04
1.09477832677319e-03
1.32174828854953e-03
1.16708909683777e-03
4.57720557996703e-04
0.00000000000000e+00
2.36276687652783e-04
1.77160206298895e-04
-3.51571812616007e-05
1.93042559645100e-03
-4.24145020789777e-03
3.74247301087722e-04
2.66260104051561e-03
4.77266888047711e-05
4.79566869696256e-06
-3.01569765921357e-05
4.49695754265621e-05
6.95214273603306e-04
-6.38685466643514e-03
1.32812454990044e-04
7.51910915993805e-04
2.38770078018909e-04
-8.98637262048037e-03
-6.13683266247724e-03
-1.18556148150267e-02
1.33701310609347e-03
4.45205988403501e-03
3.09012241743204e-04
2.21432215711741e-04
-3.70825859060430e-03
-1.86298174403722e-02
-2.22628461372167e-03
-2.16096500314632e-03
1.37524283680730e-04
-7.17571250365389e-04
-1.14539121081943e-03
-9.22969541270080e-04
-7.99513001427081e-04
-3.65080110718552e-04
-3.80006712115535e-04
1.29155760417539e-04
2.22518127327072e-04
2.84358988507021e-04
2.60769151552197e-04
3.89185466698988e-04
4.30752517181482e-04
3.39241683562260e-04
-4.82845048009212e-04
-2.40960703181685e-02
-1.57919581756196e-03
-1.23219736676827e-03
-1.00565798383011e-03
-6.72470301654353e-04
1.39908303209966e-03
1.79592302536513e-03
1.91311006859781e-03
2.15090557094958e-03
2.75356177703683e-03
-3.97156592000427e-04
9.65518149214865e-04
7.36736547646351e-04
1.02729432810963e-03
8.99761886635889e-04
7.86794943593867e-04
-3.59689143354328e-03
4.41043613900269e-05
-4.25337370212924e-04
-1.85500686782990e-04
-1.26067796939392e-04
-8.50760694948233e-05
-1.24405677627572e-04
-1.84904791387852e-04
-2.11648147238586e-04
-2.15995905174356e-04
-1.96504343550647e-04
-4.13688997973844e-04
-5.30734531611466e-04
-1.61877065222401e-03
-2.43711754782678e-03
-4.03494770958980e-03
-1.46543008515870e-02
-1.22016695477759e-03
-9.37042331009368e-04
-1.17724286646660e-03
-9.20088646808009e-04
-8.10458072925199e-04
-7.37206680915550e-04
-6.60334792852681e-04
1.49789390172743e-04
3.88301356398579e-04
2.92207219173136e-04
2.75021269647115e-04
2.56438042398131e-04
1.85325442169296e-04
1.92656468113500e-04
-8.58381405378787e-04
-4.98832681659352e-05
5.54526514693172e-04
4.29764082620606e-03
-3.30035286548047e-03
-3.87349226749197e-03
-2.12165230423654e-04
-4.28791904580638e-04
-2.70146783297593e-04
1.26913859495543e-04
-3.94961537514428e-04
1.69121739563795e-03
-5.80876179207930e-04
-8.69624290967398e-04
-9.48306093492729e-04
-9.29256465180021e-04
-9.75295082342089e-04
-1.15744199297277e-03
-1.64074169359710e-03
-6.95108743183102e-04
-4.73614132205026e-04
-2.40053950280911e-04
1.10336551000751e-03
8.10692522913618e-04
6.27360215402163e-04
3.80051911581570e-04
1.88581789059462e-04
3.90187790948417e-04
4.96241565596814e-04
-5.63831478243065e-04
-7.09694485318221e-04
4.61139878064977e-04
0.00000000000000e+00
-5.75920574513047e-03
-1.58566333748014e-03
5.02414260702320e-03
6.04597510828055e-03
3.70676410482617e-03
1.47081113320441e-03
7.83746012224956e-04
-2.34484112557454e-03
-8.19049012638495e-04
1.30701745428234e-04
-1.47744203309657e-03
3.97588568373216e-04
-3.81449467814875e-04
-4.81697648269641e-04
0.00000000000000e+00
2.20641994200860e-04
-4.49514423823621e-04
3.08551780849829e-03
-6.75765349278701e-04
-3.10662017517334e-03
-2.18142651262766e-04
-3.62993663485713e-04
-3.26333184389908e-04
-3.08439943689453e-04
-4.19873509998106e-04
-2.93412238786160e-03
-4.11871653109942e-04
-6.59465339891907e-03
-2.49236955303714e-04
-8.57704426259779e-04
-1.92562178565878e-02
-8.17829351716993e-05
5.51818832292581e-05
2.60814076934450e-04
1.25322176837491e-05
-1.27207102354248e-04
-3.20051810597959e-04
-5.14841125201148e-04
-8.32509010567658e-04
-5.29880132781694e-04
-1.73056398362510e-04
-6.89739225347003e-05
1.13487051220939e-03
2.36047835560160e-03
0.00000000000000e+00
-6.82342846760108e-04
1.51969959206236e-04
7.96919762237203e-04
3.44007856093479e-04
-6.07482663638019e-04
-2.14474510541725e-04
-1.48317910826746e-04
-2.73007890644870e-04
-6.06643992805349e-04
-9.98003903886433e-04
1.11243070459958e-04
1.99674875040558e-04
1.90480597923666e-03
7.92396115735981e-03
2.00491457308520e-03
5.06227403346767e-03
5.27924316066523e-04
6.21194948602137e-05
2.16426305002999e-05
-1.43808876319546e-03
-5.06884474311217e-03
-2.98987664104957e-02
-1.15035284238715e-03
-2.95196613937399e-04
-3.80988325647566e-04
-4.27251923482730e-04
-5.53755290954658e-04
-5.37665262520350e-04
-4.06664331566776e-04
-3.52514084893292e-04
-1.41543009729019e-03
-5.56981640462062e-05
-5.47478902217229e-04
-4.77400228489865e-04
-4.36872882534117e-04
-1.42221853936043e-03
1.58646721689483e-06
-6.68796019906062e-05
3.80321748057712e-04
5.43098178963909e-04
2.18200631920073e-04
-6.17777207472700e-04
-7.45919584102554e-04
-6.13620031171359e-04
-3.48200038488793e-04
-0.00000000000000e+00
8.47146314753767e-04
8.87026458322644e-04
1.01274126157019e-03
1.51846717782723e-03
1.65637448302302e-02
6.65703974427576e-04
-2.02584673706907e-04
0.00000000000000e+00
-8.98220508970927e-06
3.43039862152540e-03
2.08734889058476e-03
-9.95433612748914e-04
-1.50280809515166e-04
5.15878402159771e-05
6.94602902270908e-04
3.70362483128430e-03
-3.42292905101826e-03
-6.08596317492116e-03
-9.25610096499367e-03
-1.27139062053746e-02
-1.25561996591888e-04
-6.95585333023009e-05
3.54016004085584e-03
8.60966028948979e-03
7.97421309612786e-03
5.24190934237543e-04
1.12450903774864e-04
3.61249910069179e-05
4.91830213994753e-05
2.35329487382460e-05
-3.66387317413403e-05
-6.71513549487994e-06
1.23485275134647e-02
1.54713673843540e-03
1.49599351961239e-03
1.60757928391284e-03
7.95895204461748e-04
3.46402062723820e-03
4.23645924272543e-03
1.13237637747999e-03
1.36024104235917e-04
-1.14728944546106e-04
4.69884752698340e-04
3.02594102501932e-04
-9.57986135124178e-04
-1.11218601926782e-02
4.71795210615568e-04
4.31576401019898e-03
6.71819816403630e-03
-6.57721748930063e-03
-4.59484769723684e-03
-2.25725905931090e-03
-5.12188225729065e-04
1.72237475882013e-03
1.35006236458344e-02
1.65776095993280e-03
6.54535664361042e-04
1.33215125575378e-04
2.72266926218009e-04
3.15130585150433e-04
-4.93711131722541e-04
-5.44070125122369e-04
-4.75674579854076e-04
-8.03318623683964e-05
3.91359063334694e-04
5.78037791727561e-04
5.17287920271943e-04
5.15690799901453e-04
3.92019777694074e-04
4.82931738888367e-04
4.50825454838088e-02
1.87214720141848e-04
-3.31451675986132e-05
-6.13275046175726e-04
-5.42931029461068e-04
-3.77854433954008e-04
5.99828314436238e-05
1.07464816887487e-04
-4.98095495699133e-05
-1.32662853259360e-04
-1.74406830084877e-04
1.02591716459751e-02
4.74240595389718e-03
6.59772605396767e-04
1.89863982966480e-04
-5.67527189214151e-03
-5.61380315404938e-04
1.77226793479674e-04
-3.11680738133048e-03
-4.32422285226265e-02
3.19788558289882e-03
7.28388164679250e-06
5.27606305332022e-04
2.40637070314290e-04
1.61555974740188e-04
4.49122596238018e-05
5.68783352418433e-05
1.90597104717255e-04
3.12887415692929e-04
5.88861358565950e-04
4.61444035969883e-04
-2.40153880028439e-04
-4.33732865620724e-04
-4.54112392000732e-04
-5.57885669658082e-04
-8.97045110991176e-03
-1.72871661450463e-03
-1.80020010835074e-03
-1.09181158435268e-03
-9.82868569667979e-04
0.00000000000000e+00
8.20226105549845e-04
4.24973270927265e-04
3.84929453731850e-05
-8.56183318240752e-04
-1.81651289611201e-03
-5.33423581869781e-03
6.73065076561795e-03
-7.52679972593379e-05
-6.15743751730544e-05
3.09950727777137e-04
2.66398679654828e-04
2.28961466481069e-04
2.06682774938822e-04
2.29482877800051e-04
3.08729517197389e-04
6.87715608825637e-03
-4.34682188075022e-05
-8.73359518586533e-05
-1.56540280967476e-03
-1.22471970780462e-02
-4.38073357685871e-02
-5.38098905056944e-04
-8.85839043318303e-04
-2.14385292013110e-04
-1.29942087379522e-04
-7.96965600820856e-05
1.38827542151640e-04
1.54149894649264e-04
1.34063693382121e-04
0.00000000000000e+00
-7.66652249887998e-04
2.27602310462171e-03
5.16246125876307e-03
2.38247798114848e-04
-2.22003518172056e-03
-2.13047071024429e-04
-1.58031783857278e-04
-0.00000000000000e+00
-4.65182720356136e-04
-2.08542979082835e-04
-3.61006653757439e-06
1.03552196056466e-04
1.85719205950858e-04
-2.97725102791622e-03
3.91882298468270e-05
1.13164556191772e-04
1.23019456996164e-03
-1.59719861341587e-04
-3.48032335254951e-05
3.77858807272682e-05
4.85581952581265e-03
1.41685480281993e-02
1.33454714449685e-03
2.38095603449016e-04
1.30685766508167e-04
2.82480437282619e-04
5.53374026866703e-04
1.22265607005594e-03
-1.12242874899530e-03
-7.86872617839804e-04
-1.06679169740850e-03
-5.85977532670040e-05
8.13098824179663e-05
3.67929949814138e-04
-3.98400066342254e-04
-7.20736032542183e-04
-6.96900099626367e-04
-1.49114045143136e-03
-2.08934452653831e-03
-1.09724256660796e-03
-3.25757396079584e-04
7.63987799045907e-05
1.86946779428805e-03
1.26066588810683e-03
1.52617211165723e-03
2.28609073790425e-02
3.06962957450927e-04
3.25436501732607e-04
5.66872634495331e-04
5.59488560942326e-04
7.39595013402620e-04
8.90686036543909e-04
2.30249649974910e-02
5.27086454588916e-03
-6.21762475080002e-04
-5.46183400951127e-04
-5.11462832071825e-04
8.38131746394722e-04
9.75425536365861e-04
-3.95871621973733e-03
-1.90507098198490e-02
-3.90997812185068e-02
2.47937819252702e-04
4.31290634525065e-04
1.85767644617463e-05
-1.41402313498329e-04
-1.42536534732785e-04
1.88644583465900e-04
2.46343259476876e-04
2.93234957902424e-04
1.85266252154487e-04
3.83854487144796e-05
9.72946621546909e-04
-2.04230091638382e-05
-1.65008952773539e-04
-2.66329192606547e-02
-3.89575687479721e-02
8.34078686725284e-03
3.47712233431235e-04
-3.34850899213568e-04
-5.71855717430734e-04
-5.59717303246628e-04
-1.96032961665451e-04
8.56603682626289e-05
2.00823987168816e-04
3.90281148018792e-04
2.96091728093348e-04
3.60930424734416e-04
4.96980564486648e-04
-1.76363589203428e-03
-3.07951417197226e-03
-2.43516444761546e-04
0.00000000000000e+00
1.28966177798061e-03
-1.74620663329554e-04
1.47663433894408e-03
1.05603535430449e-03
3.26851622658165e-04
-1.10372134806543e-04
-6.15511455383691e-04
-2.34290107513168e-02
-3.09139355804153e-02
3.08496503639239e-04
1.62663871897523e-04
-1.28189668394549e-04
-6.59088362404412e-04
-1.13942691481039e-03
-2.18871728448582e-02
-4.13883959112395e-02
7.95785673512859e-03
8.94004562077225e-04
2.51644466722227e-02
1.11626687711152e-04
-4.49115162607367e-04
6.84896574513424e-03
2.48109204740851e-03
-5.30207783858734e-04
