1.19978439023049e-05
4.43247622805902e-05
0.000234180352988372
0.000295354888166625
0.000305030886016106
0.000322747316443703
0.000218757398172432
-0.0019108137368522
-0.000165282555452575
-9.91913783707091e-06
-1.42047226701451e-04
3.49405551948498e-04
4.38420578494263e-04
3.81622595118647e-04
6.56814411942378e-04
3.95347299009822e-04
-3.52758360039107e-05
1.50388452734073e-05
1.00909891793604e-04
2.97663467533905e-05
-5.71715579512412e-05
-3.08384823834545e-04
3.75247991126804e-05
1.41631347701496e-04
4.58467025893372e-05
3.19762154061818e-05
1.54631186606790e-05
1.16192210147067e-04
-3.86524386910850e-04
-3.68474985348311e-04
-1.31918115905105e-04
4.60136818547280e-04
-5.16815873193558e-05
-1.36836394437951e-04
8.41316522718621e-05
1.77596901334471e-04
2.09100055798997e-04
2.11434687360799e-04
1.57158745187128e-03
-9.75613633467441e-04
3.92822030735595e-04
2.97727417489763e-04
6.23232582132450e-04
6.20957801315804e-04
-7.27178769200471e-05
-8.54292672679378e-05
-9.56738373515487e-05
8.75952896027745e-06
1.81374598176525e-04
3.80571019759842e-04
1.09666226048690e-04
-1.59047650170136e-04
-1.21617014293599e-04
-5.89060945597876e-05
-5.28887661083527e-05
1.30175685932752e-04
8.00844788352776e-05
1.17291869697072e-04
1.45124517070207e-04
2.35206813047026e-04
2.08133677404291e-04
4.48779397310290e-05
-2.90987882212810e-05
-5.65925299940644e-04
-4.77566323008402e-04
-2.34667615345042e-04
-1.11751299367326e-04
9.82848159980737e-04
-2.14541156029709e-04
-7.91447222448608e-04
-1.37104794822469e-04
4.24646309292731e-04
4.28896995078349e-04
-6.61440458867395e-05
-1.39204414283417e-04
-1.13943694473844e-03
-1.31010028041301e-03
2.38011875050063e-04
1.26582409875125e-04
3.36547576968533e-05
3.38388652357592e-05
3.25657894220599e-05
-3.82559785840022e-05
-4.76355163860584e-05
-4.69053777969458e-05
-5.18916713054217e-05
-6.30439515706567e-05
-6.26468341632036e-05
-2.32493843920754e-05
9.81954647936538e-06
2.14918950627213e-05
4.15016145818044e-05
4.02306941028898e-05
-5.19569345219585e-05
2.50055290152547e-05
2.03181170509255e-05
-2.45126301501380e-05
-2.62496646316786e-04
-7.18827260115652e-05
-2.13141428763061e-05
1.25511928806690e-04
6.65331905426027e-05
4.59074832987620e-05
2.13097052624777e-04
2.37752751667471e-04
2.22370471383224e-04
1.72167877625647e-04
1.37678000768168e-05
-7.10608843609906e-06
4.74022479984442e-05
9.33221580251676e-05
-8.19677048922839e-05
-1.35253097023833e-04
-1.28038297601928e-03
-1.53110451878458e-03
2.27834709439866e-04
-1.59572119079851e-04
-1.07569268509470e-04
-2.09453349662291e-05
-7.99807026625543e-05
8.97648981997026e-05
4.32106419422324e-04
-2.81117768484917e-04
-1.11145773713977e-03
-7.87260512912119e-04
-6.54815586786593e-05
-1.12321420969433e-04
-1.99442189120290e-04
-1.85257748385221e-04
-1.88386709497534e-04
-2.37108071644798e-04
-5.79739896938895e-04
-7.30469754985875e-04
-8.67373776882093e-04
-8.81921860302120e-04
-6.54160763087836e-04
-1.85870035930530e-04
9.73953092030151e-05
7.35753658926879e-04
-1.94254052089779e-03
2.37499194815002e-05
-1.19138997715248e-04
-1.47945981140841e-04
-1.80277791107955e-04
-1.47058389340220e-04
7.99000740275824e-05
1.22956142521130e-04
8.70620402518039e-05
1.16096386999932e-04
3.19782630788440e-04
-5.19345843452366e-05
-1.27759586250078e-04
-1.71059756830362e-04
-1.93898890869555e-04
-1.11594740610864e-04
-7.97939291986658e-05
-5.92761230751790e-05
-7.64799346469038e-05
-1.13001750376271e-04
-2.76351354222493e-04
-1.01107238237166e-04
-7.65465978169335e-05
-3.19511703141485e-05
3.71967468878661e-07
3.56164585053775e-05
4.13049335515496e-04
-1.64263952716352e-04
1.14478809580443e-04
3.83129934473162e-04
2.28124793513813e-04
8.01217230019737e-05
-3.02989039164222e-05
-1.81736987262586e-04
-2.49015642276072e-04
1.59938603034717e-03
1.57213348830350e-04
-2.53156729706959e-04
-0.00000000000000e+00
-7.67573583528510e-05
5.86213747609520e-05
9.54860492866293e-05
4.58961837708969e-05
-1.41752981203099e-04
-1.19687500804765e-04
-4.73984328494235e-05
-4.73308647263896e-05
-5.61345516173950e-05
-6.80767712064660e-05
-8.32011117165995e-05
-1.00348601562361e-04
-1.63358922997205e-04
-4.44994469104691e-05
3.76887418219565e-04
7.00085117790320e-04
2.16451938159677e-03
3.53053587178772e-03
1.16574227395777e-03
-9.41861951329609e-04
-8.00405139194244e-04
-1.92357826389640e-05
-7.21520098210155e-06
-9.76877878998774e-06
-3.34457583627083e-05
1.52328499073291e-06
2.57991275644088e-04
1.04555314740074e-04
1.11405284362369e-04
1.24151003298922e-04
1.90479888957136e-04
2.22885676195763e-04
1.25030876044169e-03
2.57197148626762e-04
2.95637894089159e-04
2.88789689369530e-04
2.61666072372849e-04
6.93786594156873e-05
2.82518106374725e-05
-3.42533440100966e-04
2.92412807792092e-03
-3.21953793646749e-03
-1.31386820549454e-03
1.47648811263344e-03
8.19153944771850e-04
-1.90500516826536e-03
-7.03197573089090e-04
-1.37664080875007e-03
-3.53778687113307e-04
-2.65490088479249e-05
-2.24732577830555e-04
-2.87120159491121e-04
-1.19896428056157e-04
6.54154794877782e-05
5.34035770781453e-05
8.41885126349869e-05
7.85554988958529e-05
-4.84566875944641e-05
-4.11687233305164e-05
-2.84020501432921e-04
-4.80579074822082e-04
-5.26917274738674e-04
1.96337790593058e-04
-7.46528015861584e-05
-3.90934077549706e-06
-1.59786250984177e-04
2.29600577433790e-05
4.62440669285968e-05
5.13725591601806e-04
3.69395848213461e-05
-3.37004472530424e-05
8.35059862159869e-05
-1.48027350573651e-03
4.25182959123383e-04
5.58827015659899e-05
-6.60831141058941e-05
1.43472179454479e-03
1.25939379232831e-03
1.02772026225450e-03
6.60460629601201e-04
-1.60219754664716e-04
3.09310388345632e-04
1.67002174051628e-04
1.62399680141941e-04
2.36708604049333e-04
5.68195337240463e-05
-1.66247566011736e-03
-1.85360095379491e-03
-1.15490823786147e-03
1.91350763739327e-04
0.00000000000000e+00
7.95960216997208e-04
-2.72890573146476e-04
-3.78691344286383e-04
-4.59564024718996e-04
-4.80795311518604e-04
-5.36190485061857e-04
-5.73998717102723e-04
-8.63208670147543e-04
-8.58532440189584e-04
3.60912448614128e-04
6.84860126959112e-04
6.15045663116869e-04
-9.96688603979552e-04
1.29592005673669e-04
5.23777414206151e-04
5.39130026789473e-04
5.31240469351600e-04
4.46017314515647e-04
3.73638054080012e-04
4.77688955231060e-04
5.26633963565031e-04
3.53828876592575e-04
2.41993282783176e-04
-4.40089999716388e-05
-5.88286663143848e-05
-5.86384886094504e-05
-5.52797725511014e-06
4.45097213272511e-05
-5.71050841193822e-05
-1.54044505927305e-05
7.75319482712661e-05
3.69678951834734e-04
3.03699142110269e-04
5.47143526795927e-05
0.00000000000000e+00
-3.16241041717179e-05
-2.76830551244776e-05
-1.01388753533120e-03
-1.78673724937729e-03
-1.81567896251916e-03
-2.52243323125313e-04
-3.07621520176415e-04
-3.61687063338201e-04
-4.04853845485665e-04
-3.78200895001235e-04
0.00000000000000e+00
-5.73964568902360e-05
-1.02483044455234e-04
-1.08873556844570e-05
1.00046988676924e-03
2.28493319551299e-04
2.74629799064650e-04
-1.32331896559191e-05
6.92571722686809e-05
5.08334473044009e-05
1.19460346123097e-04
2.10705629142182e-04
1.29731893491447e-04
3.10240444616063e-05
-2.83336740439549e-04
-3.08609816759291e-04
-3.97243812905516e-04
-5.83665274191812e-04
-2.68587069646454e-03
-8.86827156973054e-04
-3.77206434943867e-04
1.97349953981034e-04
1.84371244211749e-04
-5.35136466920148e-05
-2.88594498490546e-05
3.71434641756037e-05
-2.03790718244759e-04
2.27212109416631e-04
3.62026485141771e-05
1.07673507088216e-05
-2.59325146571668e-06
-2.20306770854815e-04
9.59126146696029e-04
3.25107688362298e-03
3.17833819129623e-03
-5.40911344536233e-04
-1.02157616332892e-04
-7.62051170953079e-05
1.36055087822010e-05
4.24830221942127e-05
6.41538498105230e-05
7.39995484569003e-05
5.65911071809053e-05
6.18661593356601e-05
5.33437049802871e-04
2.54746644716912e-04
1.75563801422294e-04
1.58160414767932e-04
0.00000000000000e+00
5.50473091802853e-05
5.14930581808453e-05
6.69430656055819e-05
-6.39377263044836e-04
-8.21250892623438e-04
-7.11575824367282e-04
-3.72018391920878e-04
-4.49586445124794e-05
-2.31089793503093e-04
-2.93477862955872e-04
-2.27092852759146e-04
-2.28267380528327e-04
-2.61712434297849e-03
-5.55719654920961e-03
-5.57680319658438e-04
6.82851033403520e-03
-1.01677434911768e-03
-1.47622752033496e-03
-5.08853616658935e-04
-5.16426647166426e-04
6.33374765680290e-05
1.64053464348461e-03
2.18362084039616e-03
5.84237294884192e-04
4.00841644254484e-04
4.75193153007467e-04
3.43399017161230e-03
1.94006784534907e-03
3.12006397186277e-04
-4.52737086346588e-04
4.13206316875238e-04
-2.93722539914658e-05
9.47426092731657e-04
1.17084496196676e-03
1.52011531905963e-04
-7.71604287991158e-04
-1.20075104159630e-03
-1.04233326133367e-03
1.77226821388761e-03
-6.63516822726937e-04
-1.17734944358643e-04
-1.24622963841720e-04
-1.28627045507127e-04
-1.34864443316827e-04
-1.37879837302046e-04
-1.81369215566271e-04
-1.80391719616369e-04
-1.75296536764441e-04
-1.21316688481999e-04
-1.12104146099853e-04
-1.12396182660943e-04
-1.97012365715972e-04
-2.92255314503298e-04
-4.08235031515982e-04
-7.66471458724165e-04
5.31199365395373e-04
1.45250891040841e-04
2.01832646609334e-04
1.13017763717062e-04
-2.08338330817256e-03
8.21835805582258e-04
-6.45816789456607e-06
-5.31260148813949e-04
-1.11288349893099e-03
-2.69990769842319e-04
-5.72908373583340e-05
-1.42616992243785e-04
1.75105497970551e-03
1.81349671175633e-03
2.23872206463344e-03
2.69162440519025e-03
3.33634330301102e-03
5.57708986732227e-03
-2.19993698704439e-03
-1.73981077492995e-03
-6.68989661465448e-04
-2.83136930664660e-04
-2.10373083033033e-03
-2.16868752803440e-03
-1.15567543380685e-03
6.72199200512918e-05
8.61604781932218e-04
1.37119983672023e-03
6.31425926691706e-03
-1.18007356414437e-03
-9.34233496151501e-04
-1.12920658471735e-03
3.48317431722455e-04
1.77041764527256e-04
3.75206459971418e-05
6.65748896411296e-05
2.08347024020239e-03
4.52122040378160e-05
2.93892997967481e-05
2.71690614267606e-04
3.35403566521302e-04
9.09519036893460e-04
-0.00000000000000e+00
6.58156442782723e-05
1.53909754247562e-04
1.77308784442393e-04
1.97673308031011e-04
2.42775030954356e-04
5.18853081871029e-04
7.48454020964310e-04
1.47444556041070e-03
1.98959146686324e-03
6.09316246049098e-04
-1.35929622265804e-03
-1.52817764820109e-03
-1.50651880999055e-03
-9.12680928189028e-04
3.91415081829318e-04
6.59285114818362e-04
4.10723566116955e-05
2.25526649540091e-04
8.91710042596037e-04
-2.58600416959858e-03
-5.47066250129907e-04
-1.41575968372867e-04
2.55312430097566e-03
-1.93765025127966e-03
-1.38407714867271e-04
-4.14895494347194e-04
-2.50171453589134e-04
1.08678387481562e-04
1.09006247078524e-04
-1.94114353498903e-04
-3.38960318743891e-04
-3.39671284941377e-04
-8.21349533516833e-05
-3.60825538825941e-05
-1.54578879781315e-04
-1.79800656716715e-04
-8.28918192096505e-05
-3.13533409496341e-04
-3.54435202797462e-04
-5.64445248588655e-04
-7.51784392874764e-04
-7.42868547445573e-05
-3.06444629737779e-05
7.78479518276459e-06
-3.23601045883523e-06
-1.17465320259336e-03
3.57941420075723e-05
1.40827073210438e-04
2.52555203814302e-04
5.88232082530823e-04
4.05652632290135e-04
4.16190134502570e-04
5.42758459359395e-04
7.07936143936863e-04
6.58347853284149e-04
8.67707796071237e-04
5.03242960691820e-04
1.91780550646871e-04
2.99646067684426e-04
3.30413430917434e-04
-2.42379489183964e-04
-7.20365367811836e-04
-7.90391795161644e-04
-7.43256815908967e-04
-4.79195745293227e-04
-4.73317146727548e-04
-1.06796874744513e-04
0.00000000000000e+00
1.23491897933018e-04
2.96119550862819e-04
2.42969303963493e-04
8.47509221529454e-04
-7.07797933482327e-05
2.61594599118298e-05
6.07917511601429e-05
-6.27227744403791e-04
-5.79623563261229e-04
-1.63504821452268e-04
9.32146741502653e-05
-4.67058509710508e-05
5.44752733335943e-05
3.49331680164532e-04
3.94632014341865e-04
4.21193892162372e-04
1.32410391266503e-04
-3.55164062897358e-05
-6.87434136707977e-05
-1.49740310392942e-04
-9.74425800322662e-05
3.02127959037293e-06
-9.44629862353468e-04
-5.33715138593159e-06
-1.00043481050343e-06
1.11103789600729e-05
1.21532787483531e-05
-3.04122108392923e-04
-1.41815288861072e-03
-1.55518850317213e-03
-9.83443987223808e-04
-8.33876291270690e-04
6.29969098798990e-04
6.23677587632151e-04
6.85125329518078e-05
8.79830167077614e-05
2.78813440040764e-04
4.83865480909602e-04
-2.01062972250892e-06
2.74997474259574e-06
5.27246138813635e-05
3.15575221794462e-05
-5.14741910403260e-05
-2.31484905498212e-04
-4.07335718805752e-04
-5.20858244842394e-04
-6.15062305694135e-04
-1.77043661380061e-04
-3.39349080417797e-05
-5.92964340961303e-05
-3.88577965206585e-05
-9.63574318773006e-06
1.18563151521022e-03
1.25485277730272e-03
1.95535615744391e-03
4.90592308033496e-04
5.50356352067075e-04
7.58935629157908e-04
-1.00486373207092e-05
-3.56859143015509e-05
-1.03101295094657e-04
1.16155318714177e-04
2.25630782111231e-04
3.02574443624291e-04
3.02382710576734e-04
3.52675109055354e-04
3.67969282070635e-04
1.76010261118969e-04
-2.51103668556600e-04
3.93641603472672e-05
2.38574427963113e-05
2.41002027650786e-06
7.65425551839363e-07
1.17910984966698e-06
6.91512713358709e-06
1.40855467417143e-05
1.05722613625068e-05
6.66955034983278e-06
2.15725926431533e-04
4.74016255469405e-04
1.37753233961915e-03
2.20192321042965e-03
1.20152436031843e-03
-1.79109344280932e-05
-1.41347245588962e-05
1.57283123665272e-05
6.81152520761518e-05
9.28249853300896e-05
1.40526641681498e-04
4.09634326165169e-04
4.55056004025480e-04
-2.81374827059470e-04
-1.98432748984855e-04
-8.88318677416698e-05
-5.63489957029313e-05
6.01192043080202e-06
2.87074392482256e-05
-2.23869322207444e-04
-4.27339428618821e-05
-1.26562776383674e-04
-4.26180160478168e-04
-5.86399882367002e-04
-4.51510715306924e-04
-2.96128552910163e-04
-1.50376971572184e-04
-2.62229043087692e-05
7.12809351543187e-05
1.33602378675793e-04
-2.76134811492354e-03
1.65663051001719e-03
3.77316447919560e-04
2.60427851593797e-05
2.63572123893159e-05
2.21406029922237e-04
3.09900694255435e-04
-6.85721947204170e-04
-2.02021569099557e-03
-1.91885530060948e-03
-2.88028615596199e-04
-7.38793244307285e-04
-1.51347203622130e-03
0.00000000000000e+00
8.79586255127281e-05
9.83772594800277e-05
1.35706195009898e-04
1.57935048198125e-04
1.89597790575860e-04
1.78167505370963e-04
1.54281441246803e-04
-1.68094213341962e-04
-1.42821827142013e-04
-1.21426239704769e-04
-2.91762713753581e-05
1.29827540567992e-04
-3.81465354490789e-05
-1.63739933114400e-05
0.00000000000000e+00
1.27317649492167e-05
-5.44058618271928e-05
-8.27000603646930e-05
-7.47886407842004e-05
-1.29955760449727e-04
-8.67026273489231e-05
1.45586278620665e-03
1.65237537534694e-03
1.37711607947560e-03
1.40047313514564e-03
2.85237477005800e-04
1.89824360637375e-04
5.01196177646882e-05
3.08658484058841e-04
2.37411810780355e-04
-2.11833196446742e-03
-3.78004037075550e-04
-3.05414969410499e-04
-2.37998202330596e-04
-3.85109764106142e-04
-3.58769429506403e-04
-3.05364716121062e-04
-1.93080927549260e-04
1.40304895830789e-04
9.35317914456498e-05
-9.23403009719569e-05
-1.53044744582575e-04
-1.44829640581690e-04
8.17044801340886e-05
0.00000000000000e+00
1.96340122252416e-04
4.09748843345366e-04
5.55724425659911e-04
9.12415031482829e-04
-8.72726268687290e-04
1.00455357881607e-03
-3.86977998401869e-05
-9.52484664197028e-05
-1.22675175923688e-04
-9.67405029686030e-05
-1.82477330786028e-04
9.62664195040696e-05
2.50666208173928e-04
3.04146710115554e-04
3.28023504458160e-04
1.20135611910053e-04
-1.86777099278296e-04
1.13093417819662e-04
5.86539770124308e-04
2.57506188614281e-05
2.95688281336411e-05
4.38131544699892e-05
5.99467748281875e-05
2.76252977181002e-05
3.21580328058795e-05
-1.34737704759853e-05
7.44574312985237e-06
1.47368489694062e-04
4.90753182007030e-04
4.06512267847247e-04
-1.12111589526985e-04
2.59202298693379e-05
-4.29512511725384e-06
5.97059767705387e-04
5.21861077263136e-04
-1.12905530060424e-05
6.79320180423350e-04
1.26901015344342e-03
9.81831317768995e-04
4.02040789372289e-04
-1.02534087939755e-03
-6.58449216559283e-05
2.04424328799656e-04
4.01564716568908e-04
8.03124792338914e-04
0.00000000000000e+00
2.08197841903094e-05
7.64677791968198e-05
1.39272230475133e-04
2.05003556642548e-04
2.68583373539197e-04
5.07957302941967e-06
7.64986954048905e-05
0.00000000000000e+00
4.38148390584385e-04
3.69564624851411e-04
3.29387030532656e-04
1.11022162728479e-04
6.00889992156583e-06
-2.44032864676437e-05
-7.42052194424953e-05
-1.03664347870152e-04
-1.33768600465137e-03
-1.49204187178807e-03
-1.08480628603707e-03
-9.65810306538735e-05
2.29043370627610e-03
-3.22284137769301e-05
2.66967264334117e-04
-1.87904093890222e-04
-4.54193290280835e-04
-2.45945979472019e-04
-6.98061159095994e-05
1.87223479296922e-04
3.55061325744303e-04
3.03369978008990e-04
-1.45009928742155e-03
-5.86087071798405e-04
-4.00911272710621e-05
-3.93152765212862e-05
-2.08542083249025e-05
-1.10853909295211e-06
7.39804258906623e-04
6.81702477721459e-04
5.16923677086856e-04
4.48524779571437e-04
-1.57999886247364e-04
-5.35529864216546e-04
4.29782115238776e-04
8.70577759365243e-04
6.00167161307285e-05
-2.55301216388090e-06
-3.60141285916159e-05
-2.76011628764279e-05
-1.74782141999980e-05
-1.72344731559368e-05
9.61329733203864e-06
-4.28138834573018e-06
1.22624952555850e-04
5.09538125607623e-05
1.82482668054295e-04
1.44096234660384e-04
8.21871528754488e-05
-9.00657490906181e-05
-3.46525722690517e-04
-7.77028349649052e-04
-5.55449642637888e-04
-6.10120663967905e-04
-7.11166829584687e-04
-7.92923410733477e-04
-4.48197460341139e-04
-3.05189731888170e-04
-9.25504631847419e-05
1.18123017110106e-04
3.20996846039376e-04
3.84017252685870e-04
4.58681826800629e-04
-6.93827094855445e-04
-1.20196652243170e-03
-1.90149507164089e-03
-1.49168056533416e-03
-9.96132728251553e-04
-2.45908180739808e-04
-1.54167080774026e-04
4.17648967038415e-04
2.36588616598515e-04
1.84448495007798e-04
6.00035240919552e-04
6.26274765684889e-04
-2.87401495053084e-03
-1.09963378536827e-03
-3.05377848534339e-05
-6.34365695871852e-05
-5.59726551536395e-04
7.81727270084474e-05
9.19148305997763e-05
8.76279970914443e-05
-1.90919094915587e-04
-2.04233966957152e-04
-1.35616181938254e-04
3.43778939242485e-04
-2.31511296336541e-04
-2.65505022405003e-04
-1.29306188293975e-04
1.03351051867755e-05
8.98840002215417e-04
1.38198866281625e-03
1.44454828039208e-03
-5.09137993919561e-04
-6.09515206202964e-04
-7.19619687830453e-04
-1.33108225286314e-02
1.77944025894972e-03
-6.76432314821311e-04
-6.28184815669368e-04
-4.84358646553471e-04
0.00000000000000e+00
1.91434488534142e-05
6.09926440146780e-05
-7.13727733467530e-05
-1.35576014961060e-05
-1.19600871619255e-05
-8.05649094643903e-08
6.32558004593881e-05
2.49296281417049e-04
3.09498216370521e-04
-1.54367273615532e-04
-9.02242777864752e-05
-9.14876496288832e-05
-9.24616309156710e-05
-8.90678126731691e-05
-3.84472695683535e-05
-4.34508649693953e-05
-1.43433393533243e-03
-9.89751689410586e-04
7.76936266919506e-04
-1.23491226898220e-05
-5.06710903032112e-04
9.90949331228067e-05
8.63662210474985e-05
4.35338060819723e-05
-6.30210593340516e-05
-7.40541364354278e-05
1.11713366798245e-04
1.52740099744160e-04
1.32986222161286e-04
0.00000000000000e+00
9.72393302531266e-05
-4.16212704313989e-04
2.24029717955451e-04
1.12857810068543e-03
5.91001999281472e-05
4.34745076418832e-04
-9.00025725367399e-05
0.00000000000000e+00
-3.54365696095868e-05
-2.81394609953312e-05
-4.51224873399744e-06
8.33408903217500e-05
1.68661773055301e-04
-9.58467911850311e-05
-5.95932514127705e-05
4.51481644864822e-05
1.09600119681644e-04
2.41818475153028e-04
1.10917371531420e-04
8.23766354293114e-05
2.74351930876614e-05
1.77107759226507e-05
-5.10868278443917e-05
-2.71816769038942e-04
-3.93725816265305e-04
-7.54507511409876e-04
-7.73656360882137e-04
-6.71898471666810e-04
1.00515787275901e-04
1.29128392507171e-04
2.80136445509271e-04
1.19022115504765e-03
5.97571519185621e-04
3.83129097478711e-05
-5.04143610089623e-05
-5.91300673914253e-04
-6.73686954959271e-04
-6.12697568444021e-04
-4.06496483296630e-04
2.27653392386392e-04
5.13450512411586e-04
6.39786011548723e-04
6.31872593062695e-04
-1.31520492631535e-03
-2.90738209350810e-04
7.65880581086862e-04
9.66866933181133e-04
8.42190275102360e-04
-3.38616139635855e-04
-4.15243423270186e-04
-1.10417675286891e-04
-1.96891707097320e-05
5.31592805977706e-05
1.26605675684226e-04
8.83395842891034e-05
-4.93017339132091e-04
-7.17484298778882e-04
-5.41674056136141e-04
-6.05674856265695e-04
6.67359965895070e-05
2.34969775215211e-04
2.92774720603457e-04
2.80858745957707e-04
1.23057579422267e-03
9.59537069668074e-04
-4.49845544427393e-04
-6.00986455449359e-04
-4.80669941929214e-04
-2.45630312152655e-04
2.68219872830654e-04
6.70404587719194e-04
8.59338576254020e-04
-7.78610550207978e-05
-6.77288315799116e-05
-6.43820718853721e-05
2.61195082032460e-05
3.70121409378441e-05
4.29286972410953e-05
4.72758491374908e-05
4.61162330040446e-05
8.15725109090807e-05
1.10053949174612e-04
2.05205505400564e-04
2.20689836914837e-04
2.63989258874611e-04
2.97789869708730e-04
9.07792180956221e-05
8.56999059912549e-05
1.29299090682641e-04
1.70220940707404e-04
5.85836934413859e-04
7.53061439468502e-04
0.00000000000000e+00
2.31188975706515e-04
2.73393673583674e-04
3.13895135396887e-04
-9.19893450196267e-04
-3.23177996451718e-04
5.10472410486974e-04
7.60311092317704e-04
2.21530409184100e-04
1.99251120346747e-04
3.55306087039909e-03
3.38446119613956e-03
-7.29297764118386e-05
-7.76699386557060e-05
-5.62726061627418e-05
-1.09633777223416e-04
-1.35445823664410e-04
-1.65123010341525e-04
-2.14238676479788e-04
-9.23650485049350e-05
-4.12398059594378e-05
-1.60100389532363e-05
9.26647056522463e-05
-3.03413373398529e-05
1.13513675110306e-03
