0.000256823394267559
0.000138139010235484
0.000278105271295096
0.000490791117164317
0.000654611122110706
0.000469348679953016
0.000528641595455344
-0.000178582256021851
-0.000104912351343087
-0.000125112387011949
7.67969349251307e-04
2.44982183030726e-04
-2.61571993011520e-04
-3.01420933903855e-04
-2.59072494744770e-04
-1.10838997236168e-04
2.06782089769671e-04
4.19363139350082e-04
1.65790494529225e-04
2.99394636124198e-04
3.36972037081580e-04
3.13840892194037e-04
2.18369471182939e-04
-7.79513354275395e-06
-8.89723695206672e-04
-1.55535812975766e-03
-6.61879883069684e-04
-3.89218774167726e-04
-1.32188002403774e-03
-1.98853431613329e-03
-4.05294271130254e-03
-6.72607069578192e-03
3.91251328258655e-04
4.02601841367614e-04
9.71489001658248e-05
3.87028586585842e-05
1.20280257987756e-04
2.39487749363748e-04
-1.59875606062440e-03
-1.47797007812116e-04
-1.22158004625920e-03
-1.63660346306212e-03
3.10967214497544e-05
-1.79348089953932e-04
-1.76229114562137e-03
-1.28606231488856e-03
1.06223530378156e-04
4.03997098596498e-05
-2.58363678354918e-04
-2.85098719097269e-04
-1.91764723487607e-04
8.41090591557023e-04
1.15041835034640e-03
4.13607212941633e-03
2.73314546630794e-03
1.10971850782307e-03
-7.44835404880085e-04
-2.76604044424991e-04
-1.70722154741376e-04
4.63805582820419e-04
6.19229919457156e-04
2.27029029354477e-03
1.00480885308851e-03
-1.09320821366951e-03
-1.43178711621391e-03
-2.05591485558263e-03
1.06436732909631e-03
5.44650132922418e-04
-2.28206211880653e-03
1.05245081351537e-05
1.02169133660730e-03
2.24425433513006e-03
4.60324651071291e-04
-3.33932570565150e-04
-2.25928184593482e-03
-1.22232987615110e-03
-6.59948902781491e-04
3.37941427616182e-05
2.86941517481822e-06
3.26413445777768e-04
2.95310451302251e-04
1.89398388298319e-04
-1.00328423011610e-04
-1.32035425094631e-04
3.97708758998222e-05
3.86673533431693e-05
-3.18934651435782e-05
-5.84577182601167e-05
-2.11823688794521e-05
-7.36591136729517e-05
-1.38003134088984e-04
-3.35375376020940e-04
-4.19643221579226e-04
-1.47130755441260e-04
-2.51026341940622e-04
-4.74516918856454e-04
-5.54450689260996e-04
-1.09553708133232e-03
-1.58835600315657e-03
-1.66005599147971e-03
-1.80351010498258e-03
1.74790830978381e-03
3.75897469249638e-03
1.11453075610955e-03
8.98666108089029e-04
1.21357924142849e-03
1.80529796732325e-03
-2.49240273105930e-04
1.37608360340973e-03
-5.39718461655966e-05
-1.85248700923325e-05
-1.19794874181403e-03
-1.57834083985688e-03
-2.11990723651921e-03
-1.33435269886403e-03
1.60976960085666e-04
-5.49418557555889e-04
-4.72338005730698e-04
-1.04957410695128e-07
3.32929626331479e-04
7.35282196541216e-05
-3.33855266976950e-04
-1.58159259823233e-04
6.63976379218817e-05
2.18300882968006e-04
1.24278759262832e-04
9.80136467202969e-04
2.39298451287308e-03
1.59739675267296e-03
1.45694817947926e-03
7.70170630634945e-04
2.50798230106426e-04
1.27204717007753e-04
-1.33474557535044e-04
-8.01268044974115e-04
-6.58921239376261e-04
-9.54045357814402e-04
-9.11625586832935e-04
-5.77572487748824e-04
-4.90054687226393e-04
8.72061724496264e-04
7.82953968145205e-04
8.56960545964619e-04
8.95499749876059e-04
2.91250258353817e-05
3.21925928612111e-04
-5.06230909374466e-04
-1.23151626196387e-03
-1.43423265084036e-04
-2.85829544395548e-04
1.04985474430348e-03
1.26207026437240e-03
2.22104482130508e-04
-4.51006401496876e-04
2.19933814872571e-06
4.96275709878587e-06
6.26723577722383e-04
5.90869018043639e-04
5.55437729015765e-04
3.68042799923446e-04
5.56501897110563e-04
8.64077860309839e-04
8.89363446119668e-04
-2.43173168369046e-04
1.28788944338971e-03
1.97110942460552e-04
-1.93868486170858e-05
6.71610359285951e-05
7.56223693427398e-04
1.62857207620430e-03
1.10480023025777e-03
4.44817448292141e-04
2.73515928919964e-04
1.85702746688741e-04
4.24729673758443e-05
3.21272484753824e-05
-1.58200625418083e-04
0.00000000000000e+00
-2.16938911897488e-04
-2.80617683090278e-04
-2.29434149568804e-04
-2.06937607885813e-05
-1.00614692420312e-03
-1.25889990746547e-03
-1.58904148771388e-03
-1.10199188749774e-03
-1.00047548242273e-03
-9.58798161595254e-04
-1.00220253243916e-03
-1.17114366745241e-03
-3.59068025672996e-03
-7.52319011880282e-03
-2.43496029497565e-03
-1.26969678890589e-03
-8.42139761238610e-04
-7.86765057903087e-04
-7.68639511893811e-04
-8.05300376511399e-04
-7.57672150171018e-04
-6.94531496358097e-05
-6.69910444422752e-05
-1.14122052370664e-04
-1.15431825114764e-04
-1.39918698041229e-04
-5.43162992485661e-05
-1.57321115267225e-04
-6.18077213882721e-06
4.68404370213180e-04
8.16235016921598e-04
8.90272361268520e-04
5.60157540145672e-04
3.42583098018309e-04
3.24287749437581e-04
2.91855438999276e-04
2.46441873919769e-04
6.46976074602010e-05
2.46070173544097e-04
-4.28719077403963e-04
-1.10958417973230e-02
-4.76664275519647e-03
-2.89538394465704e-03
-3.88578584356312e-04
4.15009674903354e-04
-8.73967246317187e-04
-7.97011090625577e-04
2.11683789644271e-04
6.40979572478550e-04
-2.34863443158600e-03
-1.78098904358923e-03
-9.65741603330061e-04
-8.41737811420333e-04
-6.52646157247577e-04
-1.61484599063430e-04
-9.48197162096973e-05
8.31106376539810e-05
-2.75257613911018e-03
-2.31799059751005e-03
-1.90124170082481e-03
-7.20637339074339e-04
-3.73843712717202e-04
-2.97589068614571e-04
2.34707272000534e-03
4.30600536412753e-03
-1.60096913148092e-04
-7.09196663261551e-04
-1.38098235126580e-04
-4.64018970119582e-04
3.80104624634479e-04
2.67471148961518e-04
-8.19941192905456e-05
-3.70293364418301e-04
-1.11677047334743e-04
8.82429076785454e-04
6.61740205513428e-04
9.30562373236349e-05
1.00171217166098e-03
8.43013136989969e-04
4.70226317754367e-04
-7.35006121980093e-04
-7.68597703123068e-04
-3.40850487470597e-04
-3.72608726071155e-04
-6.82210646858196e-04
-1.08644434303747e-04
2.84973263577014e-03
4.53892076934617e-03
3.70522456137700e-03
4.71921376767752e-04
0.00000000000000e+00
3.89106837937105e-05
-7.66695345166559e-06
-1.81703832715715e-05
-4.19435889533670e-05
-5.93501514698111e-05
-3.30031479950992e-04
-4.85918117207118e-04
-8.36401172970918e-04
1.50575842759483e-04
1.43490012931949e-03
5.61918106320079e-04
-1.55433609659596e-04
9.34446810593868e-05
-1.09477802881502e-04
2.68105432994283e-04
2.19525234082030e-04
1.50266325634935e-04
-3.93152663498777e-05
-1.30362527609179e-04
-2.63950799085502e-04
-1.87089320147083e-04
-7.74311600254074e-05
-4.78943943123637e-05
4.64406736168606e-05
5.34858065307645e-05
1.81446184332502e-04
5.54402972014550e-05
2.57198320273857e-05
-8.33287611008379e-04
6.05279681790794e-04
3.28021297746272e-04
1.85300260410298e-05
3.53027065070010e-05
8.46820829702982e-05
-0.00000000000000e+00
9.51828754685284e-06
-8.24418661263671e-04
4.54070438629085e-04
5.43413609909897e-04
5.10756632297998e-04
-5.84855323288617e-04
-2.40428361089037e-04
-2.01145673301294e-04
-1.83120010584874e-04
-1.94575113131751e-04
0.00000000000000e+00
1.64028073578506e-04
4.76157831761006e-05
-3.29851832583220e-03
-1.02716892893729e-03
4.59135875057497e-04
1.38489770293257e-04
1.26629244664193e-04
-3.12090630128216e-05
-6.90775217297518e-05
1.90986788481962e-05
-1.82748261371928e-06
7.05720822635023e-05
1.51366696228083e-04
2.22158253142950e-04
4.46352761173093e-04
6.35916879149626e-04
-1.79275600610734e-05
4.84354692342790e-04
2.34571076183957e-04
1.01870272310639e-04
-9.78444565825372e-05
-7.47507539683163e-05
-8.94618843424222e-06
-2.42949450087491e-04
-4.39632404685716e-04
-4.70123128269942e-04
8.41727354607578e-04
2.30097444132744e-03
6.99601142987717e-04
9.14519101775608e-05
3.09074515553730e-03
3.15616381371725e-03
3.36312095959697e-03
3.17171397958294e-03
1.96705702862836e-04
-4.16012536241859e-04
-4.60300310128582e-04
-5.99292073796152e-04
-6.04920119050123e-04
-6.04986333940416e-04
-8.89727726313686e-04
-1.47433240532845e-03
-2.41355123571937e-03
-1.73523962703988e-05
1.60869032091507e-04
7.93317458225983e-05
6.12851695169520e-05
-0.00000000000000e+00
-1.68139253773610e-03
-1.03860576549687e-03
-9.59041970428565e-05
6.39172477165300e-05
5.99211036551145e-04
5.92367151644467e-04
1.34545456441558e-04
-3.60636465305419e-04
6.27805597558437e-04
-1.20233409449749e-03
-6.47837408615034e-04
-7.06752131988314e-04
-3.83558657532400e-03
-5.64813897166821e-03
-1.34686944235211e-03
1.54763293338115e-03
1.04902896654757e-03
1.88899888478727e-03
-7.64239606965187e-03
-4.71426977858128e-03
-1.21128921993528e-03
-7.65644889049722e-04
-5.15465388739512e-04
-3.13794134373870e-05
2.93371691446662e-04
1.82816426475614e-04
7.66093200413232e-03
1.43163884077080e-02
2.82176948035955e-03
7.70838674152153e-03
-2.82790479510670e-04
-5.44081094666034e-04
5.72428803278828e-05
5.68263755020808e-05
3.88940726377529e-05
4.96001627063103e-05
4.27106470465216e-05
5.89099452664079e-05
-1.89226150599730e-04
3.14608271551313e-04
3.96545400899101e-04
5.00315865914039e-04
5.60114645997345e-04
5.79189741618345e-04
5.63420433830930e-04
7.36880210459667e-05
-5.92289477313868e-05
-8.95330039560853e-05
-2.60884843560323e-04
-3.05268031548746e-04
-4.34951511771875e-04
-9.70930948704563e-04
-1.29712328504009e-03
-2.77562258321937e-03
-4.97903976058856e-03
-4.89508667521963e-03
-1.20511291423008e-04
-2.83599186244425e-04
2.66551945765472e-04
3.57128565596353e-04
-2.54983717961195e-04
-5.54971724153200e-04
2.60940608640530e-04
7.62425928097060e-05
7.88219558035685e-05
1.21431738796396e-04
1.86078153532960e-05
7.27290293132258e-04
6.52055901916646e-04
7.71338049774774e-04
8.14716552936649e-04
1.07965797996202e-03
3.37922910027428e-03
2.11780060662352e-03
1.01457130268624e-03
-4.81767502951934e-04
-6.84433469023577e-04
-9.53532681582594e-04
-1.17934462068972e-03
-3.45603878857714e-03
1.94254457898746e-03
1.06214482066022e-03
1.11043554568629e-03
3.10273798884167e-03
-3.13351167401028e-04
-6.36990007021764e-04
-8.36938299503197e-04
2.56711814435355e-04
1.35417114763273e-03
1.50502671809757e-03
9.31879632354873e-04
-3.17974490138605e-03
1.60673380597684e-03
1.34653969059498e-03
8.03256126522127e-04
7.15126188497780e-04
2.50973678474842e-04
-0.00000000000000e+00
1.01577257287859e-03
6.80763427373909e-04
6.07776615882930e-04
5.45914701302242e-04
4.84910111978055e-04
1.02124040831210e-03
1.01619940158736e-03
9.64535117152310e-04
7.40918882836137e-04
3.22033451793883e-04
8.45730825033008e-05
1.00737449467076e-03
1.13480259261037e-03
7.20720911285931e-04
1.21028383920780e-04
-4.82245228869241e-04
4.93626952685441e-05
-4.95701408149258e-03
5.35720786163811e-05
9.69007339180215e-05
4.21248372137715e-05
-2.56879013368098e-04
-3.27213533482418e-04
-1.55466873535201e-03
-4.25742511668036e-03
-2.82458534604335e-03
4.35347672861315e-05
2.06142273663791e-04
1.77158891054732e-04
-1.31643163984483e-04
-9.80907598624762e-04
-3.51673933183353e-04
-2.24007825637249e-04
1.72221394461723e-05
8.16221742519813e-04
8.86144766882370e-04
1.73847469286393e-03
4.71073982424687e-03
2.09074441446726e-03
1.09547650233366e-03
9.10000895510924e-04
-4.11528096114767e-05
-3.16102377467849e-04
-5.27362547863736e-04
-5.48064670191186e-04
-5.18675851075134e-06
6.07426193259520e-05
7.68092778181896e-05
9.72808691852277e-05
-3.00486587584832e-06
-6.29961633360010e-04
-5.32368000883280e-04
-5.25564463717023e-04
-7.23900591879258e-04
-9.15355785180342e-04
-1.63921095539485e-03
-6.74406230350969e-04
8.83194851987022e-05
9.33720150493456e-04
1.28624238067736e-03
-3.71998962172053e-04
-8.44304469175893e-04
-9.83489203271297e-04
-8.14965221840710e-04
-2.63164890384903e-04
-2.87471627907075e-04
-3.12781374755095e-04
0.00000000000000e+00
-7.61506269848402e-06
-2.58760065682609e-05
4.83716559127302e-05
5.35548008050179e-04
-7.39359935641151e-04
-4.66314972425240e-04
-8.63100177815576e-04
1.37138203412665e-04
7.89001760763609e-05
-1.96089805447124e-04
-3.98213751136002e-04
-4.39715152033564e-04
-3.88234233362356e-04
-1.82115669856716e-04
-3.67225383972486e-04
-3.15585606742164e-04
1.11580597787760e-02
6.52457946095600e-04
1.20300508899431e-03
3.31336276796049e-04
2.35587395991668e-03
-5.34540176738898e-05
-1.01271444598787e-04
-2.73737479437298e-03
-3.40302383948116e-03
-1.27690085293334e-04
7.76263401403561e-05
1.80600780196665e-04
-3.50640167912617e-04
-2.30534698276499e-04
6.82977617895704e-04
7.73081845969278e-04
3.97029273068443e-04
3.82493608611759e-04
1.16582733608117e-03
1.26441680627874e-03
1.38812539496915e-03
1.41050908642189e-03
-8.96274586000615e-04
-8.05270491643039e-04
-6.30426026689270e-04
6.69894038666357e-04
2.19502017881829e-03
-2.26199517874035e-04
-4.64052319229414e-04
-5.55299198905665e-04
-6.16362506610594e-04
-4.35780700735213e-04
-2.82535267379373e-04
-2.89128603509752e-04
-3.28722834298138e-04
-3.60023390292317e-04
1.05155203858368e-03
4.48201410911399e-04
1.04663974815621e-03
-9.37506425207298e-05
-2.11761532840507e-04
-1.76631116654923e-04
-1.22261355645859e-03
-8.34354163288611e-04
1.25189847984856e-04
6.38661535672669e-04
8.28302747278242e-04
9.31569608316832e-04
5.69270590707204e-04
1.27518489760156e-04
-1.92635525558135e-05
-1.68518017864790e-04
-2.02638263169984e-04
-1.04686410409196e-04
1.08080587420621e-05
1.73823693857067e-04
1.65019822127016e-04
9.06493558277124e-05
-5.28507160975997e-04
-1.86361162152554e-05
3.28077377354008e-04
2.01944830557899e-04
-1.61206417013059e-05
-6.71042014608364e-04
-8.25513764869237e-04
-8.37174588702408e-04
-5.16033447105856e-04
-1.09815846525727e-04
1.05665873674005e-04
1.97650292274078e-04
2.40511395219810e-04
2.26584963668741e-04
2.38291694552086e-04
3.14787950536322e-04
2.44026770418319e-05
1.41241233955911e-03
3.12245011026453e-03
6.16942789308381e-03
6.78284766836544e-03
1.27721559594862e-03
2.10819924767089e-03
1.40080154044290e-03
7.15040872113361e-04
9.41651048285122e-05
1.36309953327183e-04
-3.35443902699455e-05
4.37830819808661e-04
1.78303563732019e-04
1.88412156269499e-04
2.24613957436402e-04
1.68251452058902e-04
3.67095891237535e-05
6.35875099236173e-04
4.03248389180198e-04
1.60332011820815e-04
4.54854571687173e-04
9.77330396621925e-05
1.80561961312083e-04
1.18280188231323e-04
3.28736987988562e-05
1.10451229397169e-03
1.34284114025281e-03
2.65372345526919e-03
2.43374295344976e-03
7.98715518244033e-04
0.00000000000000e+00
4.21026149197147e-03
3.37275442436498e-03
2.31164808115568e-03
1.95520494276488e-03
1.31766884122138e-03
8.29360795160293e-04
6.40469341690418e-04
-8.65691942501947e-04
-1.34869421413426e-03
-1.85271056217196e-03
-3.39633319991901e-03
-1.85946169631372e-03
1.20361853608020e-04
8.76609914718896e-05
0.00000000000000e+00
-1.70763138783831e-03
-3.28382201143904e-03
-4.23151861197190e-03
8.35656976745277e-04
-2.86045371398374e-03
-1.43073446820084e-03
3.95642064181283e-04
8.48800676364906e-05
4.15257595465077e-05
8.10214111097471e-04
1.04621895377770e-03
5.55718860750440e-04
1.73389376745640e-03
3.32063420782177e-04
2.08989650323038e-04
1.14133285167558e-03
-1.41002283294559e-04
-1.70869029107415e-04
-4.94519771598332e-06
5.94546607821851e-05
5.23017672851063e-05
5.00034902969111e-05
6.50696061205932e-05
8.91228247788743e-05
3.09014154923480e-05
3.97309587208122e-05
4.98465712839124e-05
1.13576025577694e-04
1.06117011069662e-04
0.00000000000000e+00
-5.07787036222891e-05
2.05856942650379e-03
4.09959066926456e-03
-3.40035436039537e-04
-7.75204685123298e-05
1.10360985347471e-03
-3.11833830761311e-04
2.17666824242222e-04
5.92702437204217e-04
-5.20845511399900e-04
2.77971062074352e-04
3.66909529891063e-04
-5.05947808268833e-04
-5.78354071532625e-04
-5.43241580235360e-04
-3.23487890674285e-03
-1.37401757564852e-03
-4.78946376956668e-04
-3.86374079627892e-04
1.04987177800225e-04
3.62721696323217e-05
-8.77654757729994e-04
-7.89933245784348e-05
8.33695058733033e-04
7.37173120770155e-04
5.93379407445919e-04
-5.85781611167062e-04
-7.13238039176655e-04
-6.38371403680625e-04
-5.47024770750740e-04
-2.08278768435766e-04
7.74514068588440e-04
-2.05989630585183e-04
-1.90552247269368e-04
5.23603888500034e-05
7.10969597687391e-04
-3.87270529830410e-04
-7.29017370240186e-04
-1.26643674590000e-03
-1.38927391311617e-03
-2.48402788883572e-03
-2.27528234659825e-03
-1.05018745124787e-03
-8.06768858363842e-04
-6.16755014809774e-04
0.00000000000000e+00
2.38249119079673e-04
2.43867451884165e-04
2.45981372696334e-04
2.98126560350007e-04
5.12281833528895e-04
-7.64366823827509e-05
-1.10736883038954e-03
-0.00000000000000e+00
5.84219107655774e-05
1.10656883329630e-04
2.11065252358589e-03
2.20819198039502e-03
8.19761440821761e-04
4.37132338331890e-04
-5.27084508515445e-04
-2.96704881344053e-03
3.85461854828467e-04
-2.16753309246180e-04
-1.36676492789398e-03
-3.06041144142025e-03
-6.20220046337234e-04
9.32978754864181e-05
-4.83618121057362e-05
-4.14836369170580e-04
-2.44825091563370e-04
5.45434181912181e-05
-7.09358978382178e-05
-2.73769619524642e-04
-4.54664112412009e-04
-4.82298117738757e-04
-6.05824152043794e-04
-3.16459264039561e-04
-1.10200766082473e-03
3.40142119747506e-05
-6.87146368933474e-05
-8.32931414242006e-05
-5.35228338529470e-04
-3.98388236740078e-04
2.24624902887980e-04
-4.15760465914752e-04
1.27840147253044e-05
-9.05692373596338e-05
-1.75471858696564e-03
-1.27019268182974e-03
-5.12327885736319e-05
5.26086191244658e-04
1.06945025257078e-03
1.29230684655657e-03
1.24728647458335e-03
4.83684580629898e-05
-7.01088428593816e-04
-1.01713051608340e-03
-2.49458127326123e-03
4.39747382651284e-05
5.56656777403191e-05
1.55784162890665e-04
5.36494539728779e-05
-6.01349127726303e-05
1.17021313433522e-04
-4.78422501447659e-05
2.10089098994708e-04
2.37232514668452e-04
3.54778872222382e-04
5.17852556473308e-04
1.66789698296928e-04
1.19688196548463e-04
5.89778245789104e-05
2.54300135687092e-04
2.55883880594810e-04
1.23205390058606e-04
1.11520206705680e-07
-3.75667725018050e-04
-7.12011428086910e-04
-1.36385341636726e-03
-1.91722728779645e-03
-2.01869077064553e-03
-1.65222897640053e-03
-1.38709850823139e-03
-4.23794668112036e-04
-3.71412171651031e-04
-3.58244584254570e-04
2.22173476607949e-03
1.55713014304815e-03
6.29554163030884e-04
1.13283350001789e-03
-8.76068261559054e-04
-1.50367673690451e-03
1.27714566996972e-03
8.56115300616443e-04
1.69085584452599e-03
7.46204411239384e-04
2.23868459355121e-04
2.32274626396794e-04
-4.07465584726178e-05
9.77285332806921e-06
1.50883619508852e-04
1.42035305786391e-04
6.48299344382007e-05
1.57607945119331e-05
-3.22255562557482e-04
-3.74793176059418e-04
-3.57430397260202e-05
-5.61540769351301e-04
-5.50020387744195e-04
-3.67597143973656e-04
-4.70500509056811e-04
5.80004257133487e-04
2.33204697930385e-04
1.77589654756145e-04
1.79135309903584e-04
0.00000000000000e+00
-1.80720593318490e-04
-1.74010186996451e-04
7.61557689281971e-06
1.59970202033361e-04
2.12110911340403e-04
2.98338848520226e-04
1.34102075333951e-03
-1.75145556608335e-04
-1.22188242728798e-05
1.47677310990249e-04
3.30765495709321e-05
1.33795323028052e-06
-4.31155501169564e-05
-5.43203388700525e-05
1.46193078983723e-04
1.07333402091328e-03
6.03192164939401e-04
5.47629287182657e-04
1.27802142286755e-04
-2.24634336321209e-02
2.77034708157544e-03
1.92094810719806e-04
3.67393892005426e-04
-1.66345065293319e-04
-3.13083770853507e-04
-4.76556077190976e-04
-1.06817067423967e-03
-1.28816645332130e-03
-1.31176707010669e-03
0.00000000000000e+00
-1.41054012309040e-04
-1.88538732579807e-04
1.44110078772317e-03
4.28825655309929e-04
2.72439966030735e-04
6.02025299470100e-04
5.33783863100129e-04
0.00000000000000e+00
1.83945076765483e-04
1.91143546820570e-04
5.35025090842664e-05
-1.13828569656600e-03
-9.18481688653545e-04
1.84985213026798e-04
6.71837318243596e-05
2.13320908286868e-05
6.80798900191612e-06
-6.74901330872504e-05
-3.41326817195777e-04
-4.57029160053358e-04
-3.61674654401134e-04
-1.41475294035899e-03
-9.80705108544623e-04
-8.73125405210057e-04
-1.14400750716174e-03
-2.43935661710603e-03
-2.89234325788604e-03
-3.26590724075717e-03
-1.26536437708586e-04
-4.35619516830031e-04
-5.16896034790344e-04
2.80393498907412e-04
2.88840988681305e-04
2.87991146521638e-04
7.27956681432319e-05
-5.24236685777644e-04
-5.92185033154143e-04
4.51865084231263e-04
4.09895587019085e-04
5.49519987991349e-04
8.97700070829581e-04
1.10976871044897e-03
1.75600985959864e-03
5.06606017063166e-04
-1.75444182730392e-04
5.93438607620040e-05
1.74921981222372e-04
7.70371453523252e-04
2.39041613894328e-04
7.33790420264267e-05
1.01859328915113e-04
3.79145783567996e-04
4.61375075966382e-03
-2.99530312495044e-04
6.51207508898485e-05
3.01419282047747e-05
3.62147288579029e-05
4.73033224362308e-04
4.64543467959154e-04
-8.63087397446727e-05
-2.76658184631747e-04
-4.42294253377919e-03
1.05395722592930e-03
8.81213968603367e-04
6.36553833872576e-04
3.09656190754846e-04
2.21038550971398e-04
-5.05325318195984e-04
-3.22148652115393e-04
-1.05417359385030e-04
5.79910354447469e-05
4.15872039373196e-05
9.70923927203423e-04
1.12126165119216e-04
-2.32607406730140e-04
-4.27841578195008e-03
-3.28922057244433e-03
-2.29824392011132e-04
-6.14884567113946e-04
-2.32812824603680e-04
-8.07882003048840e-07
1.89419830256543e-05
2.50922906951533e-04
3.53347446879587e-04
3.66644224154587e-04
4.00554217772465e-04
-5.13496010186531e-04
6.18911632050667e-04
9.12704761746565e-04
2.18056487475440e-03
3.56669056429948e-04
5.75766448955870e-04
0.00000000000000e+00
-3.46458146894782e-03
-3.52149255417813e-03
-2.43142773211638e-03
-7.25372117280812e-04
-2.40809343413251e-04
-3.87256600177050e-05
2.75530797205101e-04
2.90782736316206e-03
5.14545297665367e-03
1.29663862617700e-03
1.10535524035173e-03
9.56670465769000e-04
2.33486988297349e-03
2.57793716867231e-03
7.49675009566671e-03
6.06505444276654e-03
1.22180151425267e-03
9.40299309869348e-04
7.15254078032483e-04
3.83947832181219e-04
5.15264329671339e-05
-9.16271621857844e-04
-4.23514846621690e-03
-1.20591441654666e-03
