0.000144413603955138
-0.000631161755477289
-6.70871329531155e-05
0.000891709698134815
0.000689996122545688
4.81611940969325e-05
-0.000288695188432946
0.00283224481686986
0.00345967655753259
0.00447377853884816
-4.71021275779404e-04
-4.48795076659151e-02
-1.10706753540356e-04
-1.79412527568965e-04
-1.96007226915632e-03
-1.41792164770776e-03
-1.14204954756903e-04
-3.21338701313146e-04
-1.47496698956895e-04
3.28144071981628e-04
2.41169420711089e-04
-1.53375041640895e-04
-2.16633432471414e-04
-1.13370581205277e-04
4.22741837678814e-04
3.65009561139169e-04
3.67612183907016e-04
8.68429940937033e-05
7.00225122282984e-05
1.40214807193199e-04
9.04602074185313e-05
-4.85553408931048e-04
8.48806783805944e-04
1.02129044870343e-03
-1.84797272812845e-03
-1.76291125175067e-03
-1.14872863029450e-03
-7.17418781906039e-04
8.63005134190199e-03
-4.19438882448274e-03
-2.36327364271163e-04
4.96290660238239e-03
3.05842416869878e-03
3.26149997573923e-03
1.08944683667718e-03
8.84088643775195e-04
-3.08830696093065e-05
-4.28205896133296e-04
-4.37201521326287e-04
-5.90019738371335e-05
2.17935002222420e-05
2.23269699843713e-04
2.33645173367708e-04
-1.41046368428964e-05
-6.55127137152739e-04
-1.89410715981433e-03
3.92736889200230e-04
6.01861872714898e-04
7.44204729447806e-04
4.53859937228246e-04
-5.92184942760436e-04
-1.43897510814587e-03
9.12283249830204e-05
3.51634070126880e-04
5.09134616624887e-04
1.52553155383675e-03
1.76305862039637e-02
-2.76147892283009e-04
6.90016619844922e-04
-6.04970608323496e-03
-6.38866880047199e-03
-3.72443206708886e-03
-1.61367449943575e-03
1.37677656198096e-05
-4.67072948734948e-03
-3.20751755657219e-02
1.10920637206556e-02
3.12268330569859e-03
-8.09920082089266e-04
-1.15784739007614e-04
-9.51118283246400e-05
-6.88219042901968e-05
-1.85151086108569e-04
-1.39036562469606e-04
-4.50549584270554e-05
-3.60916918954251e-05
-3.12400069896845e-05
-3.41795075841719e-05
-8.70262867225741e-05
-4.74127457508160e-05
-8.19747698728694e-05
-3.47162219857307e-04
-6.42165918323924e-04
-7.09848419597281e-03
-1.48841118550734e-03
-4.58125619056567e-04
-2.03734166845730e-04
1.82979573380413e-03
3.29601975619933e-03
3.46016097237863e-03
2.57355095684950e-03
2.15729229466458e-04
9.18841911604502e-05
-3.36374277053176e-04
-3.33118767520291e-04
-2.56941542181036e-04
-1.40490127534091e-04
1.05005289716679e-04
9.13688754299708e-05
-6.41608340608441e-05
-2.57730237049358e-04
-3.18554334466823e-03
-7.29558914960234e-03
-9.84191082288805e-04
-1.82453452540815e-03
-3.60843176793458e-03
-9.33758202724743e-05
3.02284905226460e-04
1.52913582754548e-03
1.94108400350033e-03
3.61579733546232e-04
-2.53375014021719e-03
-9.19247463315702e-03
-3.47071712426179e-04
-2.98642199461132e-04
-4.64252047439523e-04
-5.38219510714124e-04
-4.42716655817426e-04
-3.33678060635972e-04
-5.94131170667400e-04
-2.84479171403693e-04
2.47982948994397e-04
3.00964213662699e-04
2.88081951632766e-04
-3.38793341864732e-05
-1.83558512708458e-04
-2.52810162035312e-04
-1.44049962387462e-02
4.65256281023200e-04
6.71606961962914e-04
-6.33733407370279e-05
1.08318025904342e-04
9.53067632735681e-05
7.21239707307179e-05
5.89218075634344e-04
1.21728757267457e-03
4.44503035382000e-03
2.14173170455158e-02
-1.10659683593038e-02
1.12189616530920e-03
-1.90824987640333e-04
-1.16217084054656e-04
-4.85544021881979e-05
2.20829698753798e-05
-8.11552216269971e-05
-6.40210409907654e-05
-1.19073128543999e-04
-3.15617027614165e-05
-1.05326744845704e-04
-4.16327970284019e-05
-7.72360685141909e-05
-9.39366407321916e-05
-9.47828978271147e-05
-3.49746553948727e-05
2.27143537021203e-04
7.94358044520727e-04
-1.01880057096856e-04
7.64159021708067e-05
1.01157630636641e-04
1.84440832369273e-04
6.14065467837191e-04
1.42288443685314e-02
-5.15925811755580e-03
-3.64880497888015e-03
-5.33641431426366e-04
-2.23746917299440e-04
-1.36802239464712e-04
-0.00000000000000e+00
3.65342482868400e-04
-1.29691747921379e-04
-2.09219617114963e-04
-5.35408100953893e-04
-2.50711867034476e-04
-2.00335480332443e-04
-1.34470740406489e-04
5.18174870136947e-05
1.56441928908223e-04
2.68112001377916e-04
3.72173417286093e-04
4.55283941530682e-04
7.03605110203611e-04
4.38655752673670e-02
-7.81430941389724e-03
4.66769496077541e-04
4.27016671743006e-04
3.57047052774499e-04
2.89969929539654e-04
1.20828805137250e-04
-8.73145542264848e-05
1.10422062465772e-04
1.83926286255220e-04
1.71675039027033e-04
1.15294566745194e-04
-8.34866684615065e-05
3.80532940884542e-04
2.41216491293002e-04
1.70046579724248e-04
5.55797503215305e-05
-1.41501952870888e-04
-8.62097772968922e-05
1.23693497957215e-02
-2.63252266872630e-04
-2.69883106679710e-04
-3.03713272990616e-04
-3.57531359266617e-04
-6.35346236374702e-04
-5.37466016139904e-04
5.35926189693365e-04
1.74551406976440e-03
-1.05245822371921e-03
-1.15589312107201e-03
-1.14510202838462e-03
-4.47461639030794e-04
5.77008382528852e-03
1.86173053853955e-03
1.79880244650894e-04
1.46415111864084e-03
-9.90736527484748e-04
-6.23340007503006e-03
-1.51105373427750e-03
8.56062174829303e-04
-8.32796457670666e-05
-9.11279322852207e-06
4.08578373351398e-05
1.80300000783781e-05
-4.13066194510341e-04
-3.47309044233473e-03
7.55204965274441e-03
6.60565882019027e-04
7.13082936431330e-04
8.67011097868556e-04
-1.01475572147509e-03
-6.80102004571687e-04
2.21897861914233e-04
3.13562796993706e-04
1.19289361309834e-04
1.44390230493590e-05
8.85546112773848e-05
-4.05319977194527e-04
-5.88532606993299e-04
-3.58258440071486e-04
6.17054421783974e-03
-2.50119747251693e-04
-2.84657829619516e-04
-1.80276839302371e-03
-2.97256286662991e-03
-2.02997798089856e-03
-1.70852869299550e-03
-4.14178326839028e-03
-3.93462639408276e-03
5.97347201528721e-05
-9.34529634160749e-07
-5.56015016357084e-04
-1.22437467625515e-04
4.07747971668308e-04
3.66104158653662e-04
4.42946340180417e-04
4.24516792344727e-06
0.00000000000000e+00
4.44598085532318e-03
1.67452524238313e-03
9.12311382216874e-04
5.26879296924361e-04
3.69993726513214e-04
-3.79318404454145e-04
-5.00503932332072e-04
-5.13209569738519e-04
-4.56035596990866e-04
1.55895007183686e-03
2.31673728494885e-04
-1.17614355609464e-04
-1.23116035540314e-03
1.77832531723930e-03
-7.54808354233815e-05
-9.30586581019479e-04
-3.69163635224990e-03
-2.35334615572162e-02
-1.93031455431743e-02
-1.61184571962274e-03
-7.83888233419498e-04
-3.65837685599893e-04
-1.65088625731502e-04
-8.82563051858194e-05
-5.25813096192685e-05
9.54090064662551e-05
1.19878918502372e-04
-9.56764460699171e-05
5.71000851925609e-05
1.83038011896239e-03
-3.05216418533073e-03
-1.00571249185241e-04
-1.34189908589282e-04
-2.09343410136020e-04
0.00000000000000e+00
1.20057844585445e-04
3.44676538427153e-04
-2.05700749466557e-02
-1.64718352532415e-02
4.93000948578383e-04
1.80285143722914e-03
1.65222834520476e-03
1.70683892706946e-03
1.81453761897656e-03
1.77766394460472e-03
-0.00000000000000e+00
3.62852377323001e-04
3.46339649046147e-04
-2.41349443117201e-04
2.55481339330409e-02
-1.75458010367305e-04
-1.36427077617192e-04
2.72698244158389e-05
-1.88601611477874e-04
-2.80307255485575e-04
-3.25589275068134e-05
1.16416986158360e-04
5.01441344393459e-05
-1.36195644691098e-04
-1.38902251728287e-04
-1.44330273910150e-04
3.16666149268791e-07
-7.20770738972671e-05
-4.47849318677272e-04
-4.18127657280242e-04
-5.11153647918799e-04
-4.21473618646200e-05
5.50256471398710e-05
-1.58342417575114e-05
1.84500917008449e-04
3.05368913429618e-04
-2.03117350912394e-02
1.32772164845315e-02
1.03870300353413e-04
5.05567795397173e-04
2.87777926621365e-04
2.17558504654880e-04
4.72200565424720e-05
-8.20562009364333e-04
-2.37805882014210e-05
4.30026491506050e-05
1.32338107576853e-04
1.34916730162317e-04
-5.03387257857553e-05
-1.51950937559481e-04
-2.30643856478944e-04
2.90721570305114e-05
1.36101558617365e-04
1.13423815587021e-03
1.91994611705703e-03
2.17407091877684e-03
2.61388052293390e-03
2.80424127083203e-03
0.00000000000000e+00
4.80043341289002e-04
4.66164695124352e-04
2.64718994405028e-04
8.27327365793654e-03
5.27305317677385e-04
1.48842674997576e-04
-9.23680922717437e-05
-3.04125869431501e-04
-2.60032549875904e-03
2.59287950008979e-02
1.57934896735934e-02
-7.51083542560381e-03
3.91169773031339e-03
9.47980350742474e-03
-1.91176982436962e-03
-1.24926763824312e-03
-2.81791470426872e-04
-1.48686128698369e-04
2.89995229884456e-04
-1.45095169823077e-04
-8.35516667907376e-03
2.16011523244049e-03
1.35224067531508e-02
3.90317084379395e-04
1.85771540364918e-03
6.14373687435901e-04
2.31260663951505e-04
7.09108350980044e-04
-8.97481627844475e-04
1.94773645233797e-03
1.23977013864864e-03
-2.52841244444925e-04
-1.15686016218055e-03
-1.68374017205897e-03
-1.10338644865637e-03
-7.97267420450754e-04
-7.64082762557837e-04
-7.65477845409351e-04
-1.96600484362604e-03
1.05679834041149e-03
6.24701792794742e-04
5.59755110263518e-04
3.93439763213712e-04
-1.28754385217328e-04
-3.69958880162362e-04
-4.17204431249765e-05
7.37983395872223e-05
5.50073233291492e-05
5.01562078408734e-05
4.36428663921677e-05
4.53751586147029e-05
1.04634923573414e-04
1.47921827383493e-04
-5.44116026887280e-04
-2.80248484667532e-02
9.40218518692607e-03
-2.04684777771980e-03
1.75367432685729e-03
2.56362134881116e-04
1.15839716520855e-03
6.35665520610678e-03
5.79642245490137e-04
-2.13070782922967e-03
1.10441379997715e-03
1.18343254349828e-03
3.81718125725912e-04
2.96815742860740e-03
2.99913132739573e-03
1.84771593326067e-03
3.17206938611189e-03
4.89015682580848e-03
8.68823937428570e-03
5.86762960843562e-03
1.36087129517607e-03
1.41953597077237e-03
-1.36141395211244e-04
-2.09723940329633e-03
5.83578275170981e-05
5.95676566909555e-04
-9.37762633568198e-04
1.00402390310062e-03
1.69844761154578e-02
5.63244891532400e-03
2.17352091279821e-03
-6.70665717602619e-04
-9.11888003212080e-04
-1.06033133955282e-03
-5.37842654474417e-05
-1.08095396165484e-03
-1.11602364666370e-02
-4.43905639578433e-02
3.40386314067509e-03
-3.40809129253344e-04
1.19022509824032e-03
1.03022989688021e-03
-2.71458099531781e-04
-3.25912962935035e-03
-0.00000000000000e+00
-2.05977097547255e-04
-2.91910278965078e-04
-3.12603407880601e-04
-3.21046382359405e-04
-3.75735763481047e-04
-1.79628558357958e-04
-7.17489638853054e-05
1.61367195755116e-04
4.62876099426457e-04
2.35431746943737e-03
-8.63144182235439e-03
-9.74690352673424e-04
-9.26984740309265e-04
9.45563862131017e-04
1.54215643859574e-03
-8.85063933944478e-05
-4.05150330520165e-04
-1.24763848941317e-04
9.14640231641297e-05
5.56575894023416e-05
-9.53597098201711e-04
5.75243472196632e-03
3.13050516013642e-03
5.27889068930727e-04
-1.88874391917657e-04
-2.67409344099614e-02
-7.57006753141854e-06
1.35145133919568e-04
1.87879977129710e-04
-1.17250639862105e-04
2.76936486029872e-04
9.75619550324581e-04
2.33210377266388e-03
2.01041216773814e-03
-1.64513145054887e-03
-6.50824672801797e-05
7.71366570610074e-05
1.54304764685823e-04
5.28675081994089e-04
1.72109124364593e-05
-2.96822770135756e-05
4.28243669624449e-04
-9.77008451463216e-05
-9.10186329299916e-04
-4.88839192634793e-03
-2.01687010397495e-02
-1.47422032388010e-04
2.18203797453519e-04
5.01689368725317e-04
7.36323768724830e-04
8.78461780025270e-04
1.49884974799741e-03
3.24104620229744e-03
1.18768450586583e-02
2.92621503584796e-02
7.49661042646771e-04
-3.18637096323139e-04
-4.99627766482306e-04
-7.26973754373533e-04
-8.28670932990798e-04
-3.47614931004506e-03
-5.47014850722282e-03
-2.72849511294559e-03
-2.60162589464968e-03
-1.76559919128996e-03
-1.38863228023465e-03
1.01526386870883e-03
0.00000000000000e+00
-3.34975538324079e-04
-3.33416057547400e-04
-1.09319348324450e-04
-3.13434393666686e-02
-7.95783311323550e-04
-1.39413324130937e-04
-1.39055369899966e-04
8.22114494679164e-05
1.13308156670442e-04
1.98170201199816e-04
3.50906633818582e-05
1.02878193222232e-03
-9.86023855788684e-04
5.86979812641809e-04
1.38561308240870e-04
1.30995857464643e-04
-9.78779604743581e-04
-6.06101975809021e-04
-4.68898095647354e-04
5.79031329222446e-05
3.31572143561301e-05
3.10524984624065e-03
1.12693721966177e-04
-5.80017952578370e-04
-3.21670393716984e-04
-2.09321316361037e-04
-2.63763256851797e-04
-1.07372377986900e-03
-5.85260083233650e-06
-1.54835088589710e-04
-3.27219406087278e-03
-4.93494449767468e-03
-2.02085084562109e-03
-1.61466127870087e-03
-7.36966263370174e-04
-3.39681260867833e-04
2.43098064332838e-05
6.16620134324440e-05
3.12829021626522e-03
3.97424664541458e-04
-3.96753795137237e-03
-1.64431676317199e-03
1.64265787065186e-04
1.54298831549591e-04
5.62137971584988e-06
-4.78171324499192e-05
-6.21141310930693e-05
1.60464830231449e-04
1.61626443770723e-04
2.23313447362337e-04
2.82747527671951e-04
3.19609477227679e-04
-5.58332316883602e-03
2.39404821542940e-04
2.18475062800915e-03
3.45505992157941e-03
3.85860476282472e-03
4.28763343620885e-03
-6.15202982975284e-04
-1.21946235849428e-03
-2.38756870888233e-02
-6.47044853521756e-05
-1.38483199531861e-03
-1.57230366298403e-03
-4.00286328413547e-04
9.24110502907125e-05
1.47456244688809e-04
1.36172369496727e-04
1.24694398333650e-04
-1.60777493248102e-04
5.11233526469836e-05
1.12765296281716e-04
1.27878215037759e-04
1.42523344133248e-04
1.90845769799479e-04
4.59151485242837e-04
7.14650958397415e-04
1.70555613157381e-03
-3.30941818370171e-03
-9.71240319788968e-05
1.37368323948878e-05
6.73023386727597e-05
1.22692872146405e-03
-6.81031102806698e-05
-4.43068746793734e-05
2.87094026929168e-06
5.44235482135169e-05
6.62058676356009e-05
4.42747657073470e-05
1.93825181731370e-05
2.49252812832071e-04
-6.30807287548015e-04
-3.82076664988246e-04
-1.29180874641287e-04
8.74687800657686e-05
-3.88000242297854e-02
8.99170849935174e-03
-1.93041007927177e-04
-3.92096321510706e-04
3.35886011016737e-05
7.72371164595421e-05
-2.97663136509585e-05
5.57600944416757e-04
9.37072362776572e-04
5.77238271940667e-04
4.18576691455978e-04
3.11211722049763e-04
2.85541388994831e-04
-3.22811107382105e-04
-4.06936012321271e-04
-6.69277517492945e-04
1.10209183495150e-04
2.34813371605989e-05
3.76667789134531e-04
5.83962615801629e-04
2.10452030189031e-04
6.63732707318562e-04
1.23052469556944e-03
1.49286523726321e-03
9.91054520779092e-04
7.56890936258819e-04
0.00000000000000e+00
5.91636789393215e-05
8.82083062119140e-05
1.53705152179044e-04
1.92098460042211e-04
2.73788023376246e-04
2.81389158610461e-04
2.29113109665463e-04
-1.57266030123307e-04
-5.28769949827047e-05
-6.22454512830349e-06
6.58868825261171e-05
2.94692291177480e-04
-1.77392472910403e-03
-1.44207192416011e-03
-0.00000000000000e+00
-4.72193111221480e-04
-1.06670845359674e-03
-1.68408816582016e-04
-1.48029472851963e-04
-3.67835872315349e-04
-4.60728601826968e-04
-1.88536332532542e-03
-3.40043795548961e-03
-5.64060292678497e-03
4.50567476455557e-03
6.64803413343241e-04
-2.33903091650035e-04
-1.86553835771184e-04
-2.07977009108652e-04
-1.68020890318188e-04
-7.54370979261949e-04
1.01063407383139e-03
1.15793365310304e-03
3.73054455482463e-04
-6.13374538613157e-04
-9.21968961036250e-04
-1.12103213143424e-03
-1.06591010746462e-03
-6.24890553892165e-04
-7.49179181404817e-04
-1.83787469994732e-03
-2.15693911693192e-03
-9.47707794802974e-04
-1.36594487523815e-03
-0.00000000000000e+00
2.92447504719993e-04
5.27427719997184e-04
5.00763394866435e-04
-1.41492659868044e-03
2.26510645593360e-03
-3.30794126138825e-02
-3.54722715113592e-04
-1.93938850439513e-04
-3.67728692058810e-05
1.41568493004367e-04
1.00738812571286e-05
2.52245861974208e-04
1.60752308949276e-04
9.42804816318215e-05
1.78910905541773e-05
-1.97120374754851e-05
7.72046263099271e-03
-1.20140365356398e-04
1.98146288919690e-04
-1.45953364450795e-04
-1.73901624964332e-04
-2.18649620826389e-04
-2.95935520123491e-04
-1.12002125084352e-02
1.51695092981729e-02
-1.44936621484671e-03
1.89872275518767e-04
1.22787486899963e-04
-7.79075989753088e-06
-7.56311202590931e-05
-2.07056314319680e-04
1.34627479846354e-03
1.63315326413334e-03
-9.67489192141680e-04
-9.26066688163516e-04
-9.69962699919644e-06
2.77436336853204e-04
9.76267307724461e-05
-2.36473954442485e-05
4.23895201721942e-05
-1.25543600113889e-02
1.74042607856762e-02
1.70384405826111e-04
-5.09167966641970e-07
-8.58600745854638e-04
-0.00000000000000e+00
-9.85798226951344e-05
-7.26875913151204e-05
-1.29947014731556e-06
7.36314960248706e-05
-1.96348479231687e-04
-1.84480607304581e-03
1.38687123880995e-03
-0.00000000000000e+00
-1.08748835380723e-03
-9.62519952106349e-04
-1.05828822850733e-03
-6.33987625721093e-03
2.38008795403943e-03
4.57134972465887e-03
9.71596923750329e-04
6.52547744733148e-05
1.61131739885744e-05
1.51524050543505e-04
4.37190995152025e-04
7.98862205896393e-04
-3.58980068191023e-04
1.32458514607347e-04
7.93316267333032e-03
7.68385054237934e-03
-6.39609765250841e-04
2.83738047353447e-03
1.18324655293049e-03
8.76789934524707e-04
6.22836383574491e-04
5.84340244475763e-04
6.98329230475961e-04
6.84774014120745e-04
-6.38718068240685e-04
-5.34484812951601e-04
-4.34337196052530e-04
-4.09762005704429e-04
-4.90312379560733e-05
8.85276622694037e-05
2.07788978006331e-04
3.49159589812282e-04
3.08642873792468e-03
-2.34815935675382e-03
-3.94056992459879e-03
4.17159842503648e-05
3.33500119147669e-04
5.66427851254816e-04
1.78164935850615e-04
-3.68016531831403e-04
-3.35458963749675e-04
-1.61537380413538e-04
-4.28608085941182e-04
-3.81349264346397e-04
-5.95548287402321e-04
-9.44079995170419e-05
-1.81288310972881e-04
-8.95914930144990e-05
1.03089099370149e-04
5.44965716971689e-04
-2.41992184258469e-02
-9.89232652105629e-04
-8.69426524557139e-04
-9.68303260550243e-04
-1.15909498411662e-03
-2.63647883220855e-03
-1.81310526483056e-03
-1.67414196770643e-03
-8.04851444993114e-04
1.27895317178857e-04
-2.85976684802579e-04
-2.06492881283474e-04
-3.50752623949385e-04
4.83306101669544e-04
9.75495539374141e-04
-7.40226365529881e-04
-3.25408658932354e-03
-2.26459963243189e-02
-2.02929291600565e-05
6.93765050097544e-04
-8.81997647685245e-04
-1.15281828706820e-03
-1.24527573453552e-03
7.64298003508532e-04
8.13608184375044e-05
-1.16498648549507e-03
-1.81528399320193e-03
9.35648686704644e-04
-1.37300072101218e-02
3.36572913935244e-04
1.36577893627807e-04
-2.28053240944044e-04
-3.54738977865545e-04
-1.93848158471699e-05
-7.55745425909795e-06
-6.69467792449123e-04
-5.33652507642830e-04
-3.04840290315867e-05
1.17314762550493e-04
3.28232673077924e-04
3.50944474941741e-04
-2.99816244312152e-04
-5.46393696553288e-04
-7.69758196839842e-04
7.93383851279198e-04
5.99214278956734e-04
3.84052620983584e-05
-9.40946645516183e-03
2.40637079028321e-03
-4.31407142652668e-04
-6.05950118831535e-04
-6.36895192573581e-04
0.00000000000000e+00
1.27174142837182e-03
2.12031484495575e-02
1.16916369036424e-04
-9.97826461602640e-03
2.50151335964032e-03
4.76253987008864e-05
1.47906123006797e-06
1.13562631719307e-05
1.78351761925238e-05
6.61802684376405e-05
-8.32774695573102e-05
2.43598531620934e-05
3.85041909357410e-05
6.44800704077484e-05
9.26253712066593e-05
1.85024222507370e-04
2.46647325597216e-05
-3.53907056760266e-05
-1.09561932089588e-03
-3.61269944968679e-02
1.27280942052923e-02
-3.17435146460580e-05
1.71541443416771e-04
4.00309603877623e-03
1.45820391688734e-03
5.57793733100507e-03
5.73590201842176e-03
1.95198307545013e-03
1.55060533522904e-03
0.00000000000000e+00
-2.59266527921527e-04
4.19408429971774e-04
-4.32164987743103e-02
-3.12963668735476e-05
-1.69824285234291e-04
-6.89966350361053e-04
-5.55229212418365e-04
-0.00000000000000e+00
1.75388516945386e-04
3.78522729024301e-04
3.55158625305864e-04
-1.86048436958477e-04
-4.13437579040192e-04
8.40427586840736e-05
4.68417801769879e-04
-9.66502009370377e-05
-4.41942566668539e-04
-7.83315995245219e-06
2.59278778711936e-04
2.89796885602730e-04
2.95544409978980e-04
1.48750184237319e-03
4.78737077305456e-02
2.16906341704693e-04
2.05092718968385e-04
2.44625290702069e-04
2.67489412034055e-04
1.86303845007311e-04
-3.62963645673051e-03
-2.00649205519906e-03
-5.06596901763657e-04
-1.49747332978952e-03
-2.15250281487668e-03
-3.62513908620327e-03
-9.41712859551746e-03
-8.98436834488879e-04
-6.98721303650891e-04
9.14110071580539e-05
-6.14328961406003e-05
-3.86159026192739e-03
-3.41747624949509e-03
-2.52083850652149e-03
1.26420440459028e-03
7.81276047241728e-04
-7.73421126086699e-05
4.74269863263578e-04
1.87498477704749e-02
6.62980490430488e-03
-1.10584490807117e-03
-2.39587436233519e-03
-2.30871978630891e-03
-2.30402428463993e-03
-1.55708458862294e-04
-9.68537602644329e-04
-3.99648164400822e-03
1.51593263965050e-03
9.35013281083595e-03
-4.28615985025649e-04
-4.35752984602257e-04
1.48806024949992e-03
4.95911525532858e-04
-7.10258116315921e-04
1.53810543622249e-04
2.02961469051201e-03
7.74811589966113e-03
3.37050679691576e-03
1.74072088879322e-03
-3.46205260699762e-03
-3.15261703143438e-03
-2.09512103788096e-03
-1.21147379616930e-03
-7.58083017557106e-04
5.66393607907638e-06
-4.07475061056265e-04
-8.69302232943549e-04
2.26786910249762e-04
2.06579010267894e-04
1.86249505424014e-04
2.27575739595958e-04
2.92171703129969e-04
-7.78835183166452e-05
5.41529104335648e-05
2.16924190615856e-06
7.20630439811518e-06
-5.36134094155803e-05
-7.46057284039458e-05
-1.53673954412839e-04
3.52845930847907e-04
-3.56341320111443e-06
2.02952577003832e-03
-7.12064554059094e-03
7.26123939946374e-05
-0.00000000000000e+00
4.44557196608860e-04
4.17549643402827e-04
-1.34393340522505e-04
-1.63455048414173e-03
-4.21994763086045e-03
3.93531274036761e-03
1.12133224590792e-03
-1.46945221897477e-04
-7.27059523113510e-04
4.96050333415541e-04
6.47705441010680e-04
-2.85871868763578e-04
1.04542596750622e-03
9.61770099355994e-04
-1.69918562665963e-04
-2.00650198747675e-04
-1.74398721633876e-04
-4.85641826083286e-05
4.49498408777517e-04
8.25996244414306e-04
-1.05931703669794e-03
8.81254848703946e-05
-1.05035332029010e-03
-1.28103425275072e-04
