0.00139412594208402
6.87083709911994e-05
0.000505127308458055
0.00089707934968684
0.00130875745694056
0.00524057250051366
0.00734904414452969
0.00100524324229841
0.00101235121243301
0.000938293864614181
1.90519242935214e-04
9.77699371785756e-05
3.61488176585382e-04
3.85574522565991e-04
1.83761109945173e-04
-2.34155968191287e-04
-3.50375866690424e-04
-7.01164519244564e-04
-5.89018756249550e-03
-9.31444323488778e-03
-5.96489041309631e-03
-4.40987598480170e-03
-1.34209641012014e-02
-1.29803658230510e-02
-1.03837482093143e-03
-4.88824357271321e-05
8.09967424094189e-05
-1.07289591213657e-04
-4.64233531424253e-04
-5.27187273376820e-04
-6.63245279909320e-04
-1.16885219006900e-03
4.88231062012347e-03
8.84561887028162e-04
-1.35276833712308e-03
-2.50174610283977e-03
-3.84795888485844e-03
-5.57138823755103e-03
7.72632606660057e-04
-1.13294685266251e-03
-5.77773055130378e-04
-3.09208775223935e-04
2.64764087270832e-04
4.45003047024856e-04
-1.04215952488226e-03
-9.21912306774163e-04
-6.53723446507838e-04
5.31606781263319e-04
7.28821790946432e-03
1.51958965294730e-03
6.73800092081301e-04
-4.27157536113974e-03
-3.65883731868954e-04
-2.11225800154037e-04
-1.00022154654318e-04
-2.88719624474094e-04
-3.73078239356114e-04
-2.55219843147954e-04
-3.02787408368551e-04
-5.57184154331926e-04
-6.73913082256105e-04
-1.52901425122630e-03
-1.89998502481705e-04
1.47864567553716e-02
1.09347526101722e-02
1.95035930903692e-03
9.15099401462421e-04
6.67694915121049e-04
1.21101704876408e-04
-3.45346662270751e-03
-5.61496987540153e-03
-2.88548633305213e-03
2.91908086579033e-03
-1.23247394513461e-03
-3.33159806372245e-04
-2.26941417659275e-04
-2.47670541363551e-04
-3.70011147547928e-04
-6.48040665517789e-04
3.52773812368056e-04
2.02225920748236e-04
-8.97458724855930e-04
2.35472355713222e-04
6.46123484251106e-04
-1.11844062783015e-05
7.69027520956049e-05
9.19581669298351e-04
1.09901849136745e-03
1.47007864971255e-03
4.44465883495741e-04
3.77912697161192e-04
3.55441700626191e-04
5.79459111709399e-04
3.87141147795700e-04
-2.72910494001386e-05
-1.21261723338933e-04
-1.98730751312926e-04
-6.69174937518993e-04
-8.90344258759099e-04
-9.36920406709490e-04
-1.06430380402957e-03
4.39402341706856e-04
4.54292478348842e-03
4.99850696842528e-03
3.98523893540938e-03
2.86388140221863e-03
1.94785143275870e-03
7.15018846937937e-04
-2.37229793762228e-04
-3.59496466201707e-03
-2.30046088579490e-03
-1.58377966103897e-03
-1.56046419281176e-03
5.03871660488228e-05
2.78682995317602e-04
8.54937058940645e-04
9.39202274893495e-05
-1.11035631543253e-03
-1.81099530585339e-02
-7.18181902294982e-03
-7.20490361155864e-04
-1.15548648473792e-03
-1.11981842635020e-03
5.61688911454615e-04
5.54966325034061e-04
-9.88791543452785e-06
7.43748832425554e-05
6.16436512376563e-04
2.05221728328006e-03
1.02648377269515e-03
-2.61584016608219e-04
-1.64741041183863e-03
-2.19283956751479e-03
-2.88109101560536e-03
-7.76133604867625e-03
-1.28495829659849e-02
-1.99581293945211e-03
-1.43010893913849e-04
-6.75754126550406e-04
-2.40368615518180e-03
-1.37667415609411e-04
1.05382007438976e-04
4.29398419724580e-05
-2.04634897735746e-05
8.40910798265215e-03
5.88551589333183e-04
1.33078280123875e-03
1.70103515736770e-03
1.64915898676892e-03
1.38572870090693e-03
-3.28841329842785e-03
3.01310582453679e-04
7.15259070113862e-04
7.08212390021071e-04
3.84040960207437e-04
2.75837272086736e-04
1.28147123641967e-04
1.11564497590396e-04
1.67346796166234e-04
-1.36255818695836e-02
-2.71446806133369e-03
-1.72104748354910e-03
-1.09173808121878e-03
-7.99329082186228e-04
1.75776587483569e-04
3.14778086485685e-03
-3.66092051069668e-03
6.39490619582652e-03
1.69404298545445e-04
2.14627300059588e-05
9.33852695836238e-05
1.73830157418348e-04
1.39324996175059e-04
9.71048821191777e-05
-1.23885409594267e-04
-1.48567324069892e-04
2.03038533871328e-04
0.00000000000000e+00
7.42541679639564e-04
3.88506605385614e-04
2.64687604319377e-03
1.47892548712943e-03
1.79086886876277e-03
1.29410360693256e-03
2.34098829184782e-04
1.63143216181484e-04
2.16327648580370e-04
3.05360412611390e-04
4.33938526313966e-04
6.19713068573595e-04
1.86930083303488e-03
1.48344454778033e-03
1.00751706590206e-03
9.79369839683317e-04
8.03508371637814e-04
7.22749016008463e-04
6.23922193233848e-04
3.35241498574370e-04
-6.88593559125071e-05
-1.52890131661327e-04
3.08989101570957e-05
1.07452987688055e-03
1.60572137565288e-03
1.41572531929214e-03
2.42903200236538e-02
-4.40328297726466e-04
-2.57825390455801e-04
-3.60696214953305e-04
-5.66310759196442e-04
-5.75102331891435e-04
-4.21215147092460e-04
-2.98731661970512e-05
7.46975751471365e-05
1.76774563425588e-04
2.83082854570434e-04
6.52026438248613e-04
1.29588453007462e-03
3.34842434787455e-04
-5.78933582418848e-03
-3.44449298266950e-03
-3.07959247499508e-03
-2.80643686275785e-03
-2.55128637710261e-03
-8.23101195040273e-04
-1.41451664933957e-02
1.90551875377999e-04
2.03561696778228e-03
-1.53318988559854e-03
-6.13962795437667e-04
-2.75696526145556e-05
9.96219974228377e-05
-2.45470202268397e-05
1.56522108271715e-03
1.73061551593591e-03
6.81935007080649e-03
-5.13555536897945e-05
1.82516282975325e-04
1.50282658667573e-04
5.63569088894949e-05
1.51501440856779e-04
5.44782474123455e-06
-1.52867815191758e-04
6.53905823830878e-05
4.52723393950707e-03
-6.06718510210102e-03
-1.21276794305370e-03
-1.15833689704136e-02
-2.12649186854833e-04
-2.26313159696278e-04
-4.10919698921591e-04
-3.79069913144571e-04
1.71175240669302e-03
2.69205194160410e-03
1.25315681684372e-03
-3.64142301694059e-04
-3.15429917676211e-03
-3.69244638056529e-03
-4.22907786130602e-03
-4.15373962728949e-04
-4.97121777453921e-04
9.94274801970911e-04
1.40110064644742e-03
2.67644747525639e-03
1.87164420352989e-03
3.46050378745361e-04
1.66824138819463e-04
2.03038691062527e-04
-3.85541593168871e-05
-0.00000000000000e+00
-3.95383910795494e-04
-9.13698513941623e-04
-7.44196631651991e-04
-6.75072277951172e-04
-6.84256522107943e-04
-8.89973101060127e-04
-9.21953214776572e-04
-9.06552166538158e-04
-6.91533338870905e-04
1.99094372675419e-05
5.18983823601740e-03
-9.72435736837589e-04
-9.90319875179568e-04
-8.44770740587416e-04
-1.62985847788155e-04
-9.11546802476315e-05
-2.27247577952908e-05
1.16402921289366e-04
1.94782407878111e-04
3.80192149750554e-04
4.22515696993456e-04
4.53916781058296e-04
4.71721064880854e-04
-6.63110800523385e-04
-1.44760222834566e-03
-1.59522450142071e-03
-1.52925895565152e-03
-1.30988695197740e-03
-5.68066435136594e-03
1.25776862990438e-06
2.12692446823131e-06
4.80294804270538e-05
4.79727912967504e-05
2.61359137661303e-05
0.00000000000000e+00
-6.05866759469672e-04
-7.96645915988610e-05
-3.79086824580829e-04
-3.42403415840373e-04
-1.42449955787503e-04
-3.98649526064263e-04
-7.84801716945855e-04
-7.54179264815611e-04
-3.37528271759919e-04
-1.58815513953426e-04
0.00000000000000e+00
-1.59497574519009e-02
7.48352736956013e-04
-1.76410535859851e-04
-4.30871442076887e-04
-2.19259460992898e-04
1.33480054571830e-03
7.38621386059080e-04
2.87796949247769e-04
4.54311811851469e-05
2.57278772644729e-04
5.34291910675834e-04
4.57189188663103e-04
2.08863884375263e-04
-5.81737441222863e-04
-3.52880423424832e-04
-1.82560960385650e-05
1.54371647658661e-03
-3.48291329723104e-04
-3.55100785330871e-04
-3.04661531220472e-04
-1.02119484798480e-04
3.60126444004764e-05
3.23171431285201e-04
-5.86627476233403e-04
-3.55849437576842e-04
1.65658591073682e-05
2.98325650748697e-04
2.44135984787259e-04
-2.35078337524291e-03
-8.50963974229295e-03
7.61117560567527e-04
3.32440609848273e-04
1.97957867179644e-04
-8.91776615638106e-08
-9.68527705017156e-05
1.30775735276735e-03
1.13330777291735e-03
3.62903761138499e-04
1.31693956902826e-04
-4.94728696805769e-05
-1.61065972210881e-04
1.06447214372028e-05
2.66733449206078e-05
-4.95739027852583e-04
-5.68410376891606e-04
-6.12847010310640e-04
-6.27990324851791e-04
0.00000000000000e+00
-1.62610914486501e-03
-2.57399965969856e-03
-4.20412908647696e-03
1.34075714555098e-03
1.06275096342901e-03
1.13301563037284e-03
1.26436667617099e-03
5.66280082965887e-04
1.71216076737719e-03
2.47694781860882e-03
2.87492851651696e-03
2.48511269619407e-03
-1.40170541349994e-03
-1.52070299221945e-03
-3.14621529986043e-03
1.18665782724404e-02
7.47650215077664e-03
4.79406463074154e-03
-1.77152717322961e-03
-2.57749128901200e-03
-3.92325262782756e-03
-4.45846246983797e-03
-4.95866980890256e-03
-4.86503018741548e-03
4.68647535405544e-04
6.97860651279469e-04
1.55408851652849e-04
4.31059229694313e-04
1.18534154076011e-03
7.06464377529767e-04
2.72125785381867e-04
1.74566031980409e-06
-5.17257223251076e-04
-7.08333189503452e-04
-8.22958173231299e-04
-7.39416541199001e-04
-5.99523601736021e-04
-4.46517618214597e-04
3.33354725247687e-05
2.77435633102998e-04
-8.83988252879462e-04
-1.35023900531669e-03
-1.71655995364802e-03
-2.00825977623979e-03
-1.94013084394563e-03
-1.70026524945389e-03
-1.81826617372835e-03
-4.48760466746623e-04
1.25341409860873e-03
1.56931896770080e-03
5.49083193926646e-04
-4.01440733689620e-04
-4.06297890680145e-04
-9.13808606813065e-04
-8.00040568601069e-04
-7.42023273179636e-04
-7.70305415557416e-03
1.37021195398427e-03
-1.58254170989295e-03
-1.92912340302696e-03
-7.97973789691617e-04
-2.01744402056589e-04
-3.34844710655246e-04
1.00609775221545e-03
4.14704715755110e-04
9.08969478819640e-04
9.78509238967171e-04
-4.93084824957423e-03
-4.58558568587640e-03
-5.00691932637159e-03
-5.82284222139305e-03
-6.64785967051746e-03
-3.24521169402162e-03
-4.91212537163071e-04
-9.48973092802970e-04
-1.29102876507946e-03
-1.01163274568644e-03
-3.39643921353554e-03
-3.34316721323052e-03
-1.68425713443286e-03
1.62493035821458e-04
4.14175744675172e-03
3.99586170724920e-03
-7.60337914515675e-04
4.03712894298197e-04
3.10069603605474e-04
2.45501452197843e-04
-1.76702935747042e-03
-1.25008259630767e-02
-7.77095682790776e-03
-2.18553233117699e-03
-1.37629847675048e-04
3.05145116570605e-04
3.79987771162761e-04
5.99770362817636e-04
6.44885557088327e-04
6.51268043970206e-04
0.00000000000000e+00
1.05560699364371e-03
3.06388005519445e-03
4.08743872479699e-03
4.80302472264472e-03
3.71321848979125e-03
1.22297116113659e-03
1.14807450760052e-03
1.28572804303485e-03
1.33853078801683e-03
1.36099620219012e-03
1.64795336974468e-03
2.28628005473672e-03
2.45753472890653e-03
2.01204769506931e-03
-1.69944319659843e-04
-6.25978255651218e-04
-3.58737968142277e-04
-9.01237266130502e-04
1.02955780592731e-03
1.16136612077518e-03
7.94687718680048e-04
-4.51862465909924e-04
-5.46238768245807e-04
-9.13363566626562e-04
-3.50243783110240e-03
-3.57389665485612e-04
-1.42677718564597e-04
-1.89261355665081e-03
-3.55027649792402e-03
-7.73781753547683e-04
1.80015185572053e-04
9.00901398671844e-04
1.08370918318733e-03
1.07392330378014e-03
8.69835653128226e-04
-5.75435871028796e-03
-4.51468744370548e-03
2.52017511432413e-04
6.32483467737669e-04
9.41255843828149e-04
9.78016276279792e-04
-7.96135365617479e-04
-9.86712840834441e-04
-1.08530663571902e-03
-9.77436504066981e-04
-7.37814331786154e-04
-8.12977268723364e-04
-7.64785385999092e-04
-6.58704877865307e-04
-1.41460791454064e-04
-6.95900843090702e-04
-7.46648705828979e-04
-7.69176293674602e-04
-5.80174287067974e-04
-4.14536922889510e-04
3.90405748463438e-04
-3.12108452842862e-04
4.50040525331495e-03
3.97655692156873e-03
2.16399245673333e-03
5.37976208606860e-03
9.47296218756345e-04
1.20845411915027e-05
-2.23229099257314e-04
-1.32962794242187e-03
-1.32851620495912e-03
-4.72297392021852e-04
0.00000000000000e+00
3.37588462237379e-04
5.10915946405596e-04
4.12375114880080e-04
1.80778992116235e-04
-3.28884684050818e-03
-4.58648216258989e-03
-1.80814161340976e-03
4.48194743994513e-04
4.21506905614892e-04
2.87095056974774e-04
2.24583819443893e-05
-3.03826447702107e-04
9.03262631139984e-04
2.23632820710496e-02
-8.17776331030375e-04
-1.00532434998133e-03
2.57551666834966e-03
2.90242682609761e-04
6.74772169899633e-04
-6.76993042918347e-03
3.29438724848240e-04
9.54507967434171e-04
1.30309074011206e-03
-1.40364437950495e-04
-3.59122957711211e-04
-1.45932981116087e-03
-2.46950328937188e-03
-3.89537031754209e-03
-2.35798621849573e-03
-7.69701504660535e-03
-4.36438819940118e-03
-3.02928185156555e-03
2.84905120303760e-04
4.62339994171328e-04
-1.74705882511106e-03
-1.81848968795282e-03
-1.54626070284255e-03
-1.31202028980297e-03
-1.66557628938180e-05
1.11427933561571e-04
2.23664915173570e-04
1.19093828606211e-04
-1.63984206524666e-03
-5.14410278513861e-03
-4.23998570013924e-03
-3.80948521656620e-03
-4.17697369990191e-03
-3.40054281600827e-02
-9.71559814242915e-04
3.97873076713185e-04
1.07403461015746e-04
4.85331388984462e-04
1.34993096176438e-03
1.41248941643738e-03
1.51100846512339e-03
1.45496924522050e-03
1.39998259443876e-03
1.32662776901229e-03
8.83723597847059e-05
1.39296335794322e-04
1.66154085522625e-04
1.87889259634596e-04
2.05211113789480e-04
3.02231274231139e-04
3.88501127205241e-04
4.83319094718798e-04
5.17307608708352e-04
5.26092412615146e-04
5.11556297242141e-04
9.13255325616677e-04
8.00345997278950e-04
-2.50757483491980e-04
-3.15544555904637e-04
-2.64916076343591e-04
9.79040224677811e-05
6.09658879683563e-04
7.56500462208319e-04
8.06751533963559e-04
8.60765582924060e-04
7.69035733237660e-04
7.11600976192586e-04
6.85962583839992e-04
6.93122388670124e-04
1.75090820318334e-03
2.36779038482565e-03
3.11645652715392e-03
4.18498802461488e-03
4.56003487141994e-03
5.63301315439292e-03
4.68944915938839e-03
-9.39654862555440e-04
-2.54253468683935e-04
9.77848859792593e-04
1.55029816317656e-03
7.30325967188803e-04
1.23883251247971e-05
4.71558332889703e-05
1.54006299286535e-04
4.47964518369871e-04
-3.78385916479300e-04
-7.92193042060087e-04
5.26232017866114e-03
8.82386308752916e-03
5.73002049688836e-03
4.16454455329820e-03
4.67802663973345e-03
5.97833978370556e-03
4.44547758543104e-03
9.54776036552479e-04
9.41025966704265e-04
7.71190639746801e-04
-8.41505395108911e-04
-3.50075734752402e-03
6.78815682814377e-05
1.30046659570794e-04
7.25201711439607e-04
1.02428814240583e-03
1.03029546965347e-03
6.39232443811298e-04
6.68825114718424e-04
8.40785335998693e-04
0.00000000000000e+00
2.39138527088705e-03
2.80696788833170e-03
2.77046725681634e-03
2.40050071333816e-03
1.57797549557146e-03
1.00446317049873e-03
7.65557874342424e-04
-5.44401604999402e-03
-5.11011660985946e-03
-4.28843382974514e-03
-6.83002138525237e-04
-7.69126909236321e-04
-1.64642592164842e-03
-1.59998395483552e-03
0.00000000000000e+00
-1.55507548664358e-04
-1.10349892004096e-04
-2.76945650767746e-03
-6.22099281513274e-03
1.68009061116337e-03
1.05887371206886e-03
9.75886574569520e-04
9.19171706962025e-04
8.46897318489996e-04
3.97902666828393e-04
-1.36168778723416e-04
-1.49498446091203e-02
-5.33644302218757e-04
9.77890705283211e-03
6.17399051193936e-03
-9.09636223844665e-04
-1.29182703221082e-04
-5.76681228532544e-05
8.03552461114115e-04
1.26477676211230e-04
-4.51732903571576e-05
-1.96187627342567e-04
-3.22254643828931e-04
-5.44883750004303e-04
-5.05179475605054e-04
1.93137345800802e-04
3.61915905893163e-04
1.42849650077179e-03
2.58334205216953e-03
0.00000000000000e+00
-1.00016634549479e-02
-1.17069059290534e-02
-2.94339974879677e-03
-1.07709354759214e-03
2.33333404914952e-04
-4.25542160543207e-04
-7.20338599663836e-04
-8.37789505635452e-04
-1.82197858690220e-03
-4.27858052944032e-03
5.32518654417435e-04
1.80448094968997e-04
-2.30219032094011e-04
-5.98430246282347e-04
-9.46353467700821e-03
-2.72712111474680e-03
-4.78547200365082e-04
-5.62749737026201e-04
-5.86940781633166e-04
-5.08106635656429e-04
-1.84409321284980e-04
2.98373196290641e-04
6.05562676356667e-04
9.90942255882562e-04
9.24338187554257e-04
8.59218751424795e-04
5.07890772205853e-04
5.06410223857795e-04
6.66038648191007e-04
7.30509454973262e-04
-8.18161240183499e-05
-3.47934687035404e-04
-5.25245721463525e-04
-7.98028994582402e-04
-8.48599298354743e-04
-2.97452229267123e-03
-5.22935971876291e-04
-6.16683560628125e-04
-1.58866824239678e-03
-1.71311945156693e-03
-9.89851156824660e-04
-8.01546123024556e-04
-7.52084559620532e-04
-7.28471564932359e-04
-5.84356492266917e-04
0.00000000000000e+00
5.33451168697648e-04
1.46111013380281e-03
2.61055089475781e-03
3.30398182176303e-03
2.51742226697497e-03
1.20200441039655e-03
7.83682234771831e-05
0.00000000000000e+00
1.29036059628702e-03
2.92420706432694e-04
-4.06819006907332e-05
-1.52594616780858e-04
-8.24782183270490e-05
-8.41714142431593e-05
-1.16985747742754e-04
7.23493855693620e-05
1.65217947515553e-02
1.53654488421144e-02
5.72229286360686e-03
1.96410496344160e-03
-9.69693976662449e-04
3.57993505500715e-03
2.53732395252857e-03
2.70067986064045e-03
8.57366235813464e-04
1.82419678528553e-04
3.50252455248369e-04
4.21894754389761e-04
2.89976465340915e-04
2.69680367091653e-04
2.17960629056133e-04
9.69955092528441e-06
6.30384068661271e-04
9.20142656866691e-04
9.35680328360313e-04
2.14073333446930e-03
1.29662766751831e-03
1.21366088884916e-04
-1.07048253739965e-03
-8.31989623782291e-04
-6.43647588635193e-04
-5.97679571486246e-04
6.68972424846474e-04
5.39509923216040e-04
-3.24295994253185e-04
-4.40518094578063e-04
-3.09719512514350e-04
-3.95934569933366e-04
-4.84024202281690e-04
-2.20889753241581e-04
-1.95738798070522e-04
-1.51571616549211e-04
2.76442596740473e-04
-5.89643856276817e-03
-2.39460655785098e-03
6.09454144274045e-05
-9.57147056358759e-05
-1.50254012630821e-04
6.36491943161322e-04
6.77096976932949e-04
2.22702441196811e-04
1.87731217872248e-04
1.85158726178903e-04
3.19689215882541e-04
4.51183321877350e-04
7.67046291538897e-04
8.42901314180832e-04
4.95838041505726e-03
5.94086674999948e-03
4.25254120401119e-03
1.17824676787699e-03
5.74643046496019e-04
6.51881072347218e-04
8.28844088160117e-04
6.44682646001371e-04
5.89188561653517e-04
4.03343761810127e-04
3.22266012028923e-04
1.75258591689728e-04
2.03491207972104e-04
2.19223710886405e-04
2.51597215570237e-03
2.07288320406462e-03
2.22011753123450e-03
1.12286071571674e-03
-7.26811477568013e-04
6.73841116419949e-04
8.71599276772421e-04
-2.90115744398074e-05
2.42599478452969e-04
4.70989004742128e-04
1.25203908247085e-03
1.18128852501640e-03
7.37755453686479e-04
2.14457994677714e-04
9.64316722508608e-04
1.08411111344893e-03
1.12688749189914e-03
1.05017185141536e-03
4.72992937251224e-04
-8.69752599464961e-05
-2.07407877906638e-04
2.19368963305842e-04
2.18449859598508e-04
1.30285461736837e-04
-8.45473134563629e-03
1.79335239906700e-03
-4.93578141014777e-04
-2.37150236862335e-04
-1.43752111839786e-04
0.00000000000000e+00
2.13552863087254e-05
1.04241042379207e-05
2.19608491741905e-05
1.87964490964593e-05
2.04180312934051e-05
3.66469289533013e-05
2.97378423265925e-04
-6.72570230506892e-04
4.07424176982270e-04
2.95086003270507e-02
-4.02724391270803e-03
8.16874472432295e-04
9.95413773095954e-04
-8.44118997954667e-05
-6.71774655581690e-04
-1.56318694794578e-04
-7.97515778842634e-05
-1.04302927067438e-04
-1.13840989791893e-05
-1.23781070028794e-02
-2.41646460757617e-02
-3.61021464295907e-04
3.15986970138219e-04
8.42129349211501e-04
6.67422099317177e-04
5.96974991530404e-04
3.03933768012051e-04
2.88763770636950e-04
2.59448764211517e-04
0.00000000000000e+00
5.38337676204424e-03
-5.66572468656645e-04
3.27745362125868e-04
1.61232190951222e-05
1.62766438406756e-03
1.22678949887575e-03
1.29135897632786e-03
0.00000000000000e+00
6.23182920175570e-05
6.58421166729141e-04
2.32258036356487e-03
1.62154466374187e-02
3.00700480932385e-02
-2.67601490688585e-04
-1.77730723606289e-04
-1.72069055194986e-04
-3.06010079103632e-05
4.75823300781897e-03
-6.20427311850168e-03
-8.65857946445362e-04
-2.21863967902329e-04
3.33725017373091e-05
9.91457327051742e-05
-6.51586169154217e-05
-7.88500034809051e-05
-1.32130835737327e-04
-1.29719987198543e-04
9.62920854027653e-05
-1.42471047167146e-03
-3.19341899181592e-03
-9.86979642184028e-03
-2.71677319754008e-03
-2.54113464389620e-03
-1.66252282250802e-03
-8.42622627176262e-04
4.89549537292695e-04
5.75156350307365e-04
9.50428267828488e-05
-1.62205076216123e-03
-5.53549903465935e-03
-2.09713968847877e-03
-9.09141858579306e-04
1.87344634699990e-03
4.35080939321521e-03
9.11982718836743e-04
-1.42988024379682e-03
-2.16274065022998e-03
-1.41874658138189e-03
-1.54294031527627e-03
-6.24126897149487e-04
1.86513361601727e-03
1.66383740274844e-03
1.36716619140220e-03
7.67994980959074e-04
1.17160831718341e-03
1.06022650723473e-03
9.63753567317552e-04
7.56105922666365e-04
9.82469194098969e-04
3.89580624277982e-03
2.20465243514798e-03
8.96079163138529e-04
7.51270068596593e-04
6.46443889572238e-05
2.99135975304856e-04
1.33452638988879e-03
1.46989553283981e-03
1.03226352713278e-03
8.74293563065063e-04
5.15517423488879e-04
1.33211975426036e-04
-2.05690947546778e-04
8.76089139687436e-05
4.43526815635468e-05
2.60678154236521e-05
-5.50193856122751e-04
-1.72473152449181e-03
-2.55482848313783e-03
-3.30039265083028e-03
-3.55737148832532e-03
3.07108004374047e-04
-3.18627387468121e-03
-4.01195858573412e-02
2.56510064866415e-03
-1.05854820650594e-03
-8.87791490467135e-04
2.95418967847249e-04
8.02809023232898e-04
9.91601957479263e-04
1.21459903900408e-02
5.10240795189096e-04
1.10270438089412e-03
0.00000000000000e+00
-1.80000709440718e-03
-1.89264411906076e-03
-2.07371700535659e-03
-9.10238337876955e-04
-4.85697883788024e-04
1.95718541716357e-04
7.88035821142425e-04
6.01880183536211e-03
1.38744519279926e-02
1.98124338358382e-03
2.13187798305127e-03
5.89725072434603e-04
6.06992995229204e-04
4.96611564638100e-04
1.43963762700505e-03
3.08519307373704e-03
4.69963559915832e-03
7.67671155959575e-03
9.11942919433211e-04
4.67340859196214e-04
3.00893257311632e-05
-1.91222774981868e-02
-1.60093853428743e-04
-9.40043727588275e-05
