0.000157012639448191
-8.00814693198707e-05
-8.91748126139783e-05
-0.000120968627645151
-0.000122928363751164
-3.24931549820874e-05
-7.1371710742963e-05
0.000383294502760349
0.000493846912335205
0.000554425040560568
-2.62495968980797e-04
-4.23201110133200e-04
-6.43904603306996e-04
-6.67609937561852e-04
-2.35327839880345e-04
1.38984377434957e-04
7.13927163102655e-05
7.22819818458013e-05
9.23756840127690e-05
9.38068306759002e-05
8.21307604817804e-05
5.44307180890212e-05
5.84779258011966e-05
6.96865017289160e-05
1.53866421168483e-04
2.32088735329813e-04
1.28622137905283e-04
8.94045403959430e-05
2.80573691288525e-05
5.12903868657979e-05
7.92081842282988e-05
8.43029763941239e-05
-2.29203915478067e-04
-1.94264333107697e-04
-1.31930248605582e-04
-1.04318933115293e-04
-8.34803177290851e-05
-7.63110452284720e-05
-2.10288260448126e-04
-2.12544486619919e-04
-3.58473355053328e-04
-4.13049224561272e-04
-3.56394191153763e-04
-4.64979808894253e-04
-4.68273137961754e-05
-4.83962875206768e-05
-6.68150318569955e-05
-4.11589097232930e-05
8.50264599188835e-05
-2.47148699241271e-05
-8.89207898601989e-05
-8.62127094563783e-05
-3.93535826991460e-05
1.83482319775187e-04
1.86170591838502e-04
1.62296392341963e-04
-1.50552890909473e-05
9.74737362299451e-06
4.18147299540149e-05
5.79752172353547e-05
7.50280971616987e-05
8.34101205206767e-05
-1.21822921374399e-04
-7.56853857761511e-05
-7.88704019324305e-05
-4.74673993294865e-05
-2.07509813260012e-04
-1.78498831930641e-04
-9.78509487713141e-05
-4.54800745899097e-05
-3.82643867105821e-05
-2.05378197667990e-05
8.58364900242529e-06
4.33899693387761e-05
2.09790050571732e-04
2.36865173981041e-04
2.68043598848639e-04
3.14113081180319e-04
3.89169032448136e-04
2.93308649213430e-05
2.05460006391964e-05
1.08466781654422e-05
5.90838621907794e-06
1.59122639478661e-05
-2.99703228509268e-05
-3.55827057926014e-05
-4.48989594125214e-05
-4.55214830232014e-05
-6.27196197592576e-05
-4.22023427304341e-05
-3.65583480667841e-05
3.23525797657617e-05
8.80675741793174e-05
1.69273963143760e-04
1.60276386878671e-04
1.23769460894136e-04
1.06462896628025e-04
9.52285164898037e-05
1.26377822065932e-04
1.29339035896520e-04
1.50103515489631e-04
-4.02668308075859e-05
-1.56988942170599e-04
-2.03052309792495e-04
-2.13621772699347e-04
-2.20218937149572e-04
-2.20654919968847e-04
-2.04713747402240e-04
-1.99288214772409e-04
-1.34535666878045e-04
-8.96005860723648e-05
5.66143493212226e-05
5.20644280844924e-05
1.34740605933431e-04
1.95819539159427e-04
3.15630660397853e-04
-1.32284545410885e-04
-9.47231217045393e-05
-1.48066149778190e-04
-1.82534179139393e-04
-1.47029514307688e-04
-1.88837790315488e-04
-5.33864757630960e-04
-1.05275983543391e-03
-1.25032489358982e-03
7.53867574650046e-05
5.08374101142153e-05
4.80660916563826e-05
3.62229659814553e-05
-2.99116546983172e-05
-1.20678977869792e-04
-8.36426289674023e-05
-5.26226645589334e-05
7.75185373960278e-06
-1.08923666186200e-04
-7.80399615230024e-05
-4.01202615112382e-05
7.33438424579907e-05
1.32066874739262e-04
1.65037396071502e-04
-1.75445797952495e-04
-9.01360933067216e-05
-7.74252564237533e-05
-6.15178021371043e-05
3.52297039866100e-04
2.61912124552035e-04
-6.71580262075829e-05
-3.46280026921842e-04
-6.05053702916703e-04
-2.32145304459265e-04
-1.39734436201692e-04
-1.83593541165017e-04
-1.82016117999392e-04
-1.76758281431410e-04
-9.86849789502157e-05
-7.46862283300830e-05
-3.01112026531668e-05
-1.00797755944553e-05
1.69405816975892e-05
-3.91044629271410e-05
-9.69613460191145e-06
-1.04725285726349e-05
6.75142076624199e-05
2.79584221703978e-04
1.91244932748557e-04
-2.57266662585009e-05
-4.49084801291361e-05
-8.42417292028567e-05
-6.45495839547851e-05
-8.25060657086690e-05
1.41757481718805e-05
1.12324775744294e-04
9.36714459136567e-05
8.88081588292439e-05
6.45162209484629e-05
4.75422776233156e-05
5.51183123367624e-05
-0.00000000000000e+00
-1.85750440786466e-05
9.68053300482012e-05
1.14907538697777e-04
1.19932603366247e-04
1.11937997555534e-04
1.13074649502661e-04
8.75661835909785e-05
6.73598428461368e-05
6.17930341524354e-05
5.68896883238074e-05
5.30680528349847e-05
5.06579256196007e-05
3.59486458492320e-05
3.90593015343446e-05
5.99685197153899e-05
6.60794875814732e-05
6.69096821596871e-05
6.51380215667122e-05
6.16427790810952e-05
5.06798980875351e-05
3.47494635289859e-05
1.05302086835635e-05
-6.05857608334391e-05
-1.11360509676610e-04
-1.00590825578928e-04
-9.83315380308489e-05
-1.15349956934614e-04
1.67756446756747e-05
7.89339162351313e-08
8.36860938756761e-06
1.59655594923092e-05
8.71333224870604e-06
-1.17350488492347e-04
-6.86004678946166e-04
-7.84760124979715e-04
-8.57097602768559e-04
-9.09647627251520e-04
-9.52671139013363e-04
-1.09468723756410e-03
-1.16359380764349e-03
-6.28972493154942e-04
5.14641441038922e-04
8.42694271324991e-04
1.21378053304820e-03
1.59522537197718e-03
2.09219073654546e-03
1.43947592913532e-03
1.48925062877443e-03
6.46810110485529e-04
4.80536033871664e-04
6.56698569225665e-04
7.19560018271827e-04
7.00522865584828e-04
6.70353530187003e-04
3.25394270056223e-05
7.12166377741046e-06
-4.44533723162729e-05
2.24364251024476e-04
2.78706224916004e-04
2.57263612396062e-04
9.01569753657901e-05
1.73158972047362e-05
-1.79784049128612e-05
-4.68491892426594e-05
-1.01436929727796e-04
2.42792614634851e-05
-7.90518658726576e-07
-8.50377175032944e-05
-1.48577269070912e-04
2.38928276670094e-04
2.27188086641870e-04
2.26609172528275e-04
1.15723257910233e-04
-3.00859064253061e-04
-2.17677554800116e-04
-1.38004145001216e-04
4.79132353410266e-05
-1.22493514275952e-05
-1.07415483729554e-05
4.57483334334099e-05
7.56825470678420e-04
9.71725578402335e-04
1.15938801935039e-04
-4.22722848553942e-06
-1.47039697762325e-04
-1.42876531807521e-04
-2.48411272440640e-05
-4.71577353302828e-05
-7.18182595755253e-05
-5.55809870970865e-05
-0.00000000000000e+00
3.44917737707563e-05
1.82450876476175e-06
-4.64265786085682e-05
-1.07399210673153e-04
-1.37310364335865e-04
-2.44202237702413e-04
-2.56073395126323e-04
-3.66764966829470e-04
-5.63632285719078e-04
-8.95060076492401e-04
8.20234748465431e-05
-1.66270226511966e-04
-1.90562212589017e-04
-2.21639217881947e-04
-5.01998842902573e-04
-5.36773204346576e-04
-5.65985831916194e-04
-6.18126662457718e-04
-6.41566446898576e-04
-6.86679359907364e-04
-6.22303814812909e-04
-5.81999249615435e-04
-5.63939844224609e-04
1.39836872542292e-04
1.29936475567885e-04
1.11001106013867e-04
4.46135530254641e-05
3.30797180191335e-05
3.77139720251602e-05
1.02293440388718e-04
1.04414840875001e-04
7.45260452141017e-05
7.84581656392328e-05
8.36937812110099e-05
0.00000000000000e+00
9.36174644219963e-05
-1.81626693406045e-05
1.70417495825054e-04
1.79780336540286e-04
2.11566855200399e-04
8.41021711515792e-04
2.34968097295625e-04
2.07858386767298e-04
2.33854218660656e-04
2.72942151295142e-04
0.00000000000000e+00
-1.03823474925425e-04
-9.56345893568877e-05
-2.09635234972166e-04
-2.99344950305024e-04
-1.52278267553814e-05
2.03850955346218e-06
1.50605014964048e-05
-7.72900243052056e-06
-2.85248794082671e-05
-1.40278150238885e-05
-8.32008997860492e-06
-1.83946459472331e-05
-2.34355776260863e-05
-4.13009215633979e-05
-3.13312243754566e-05
3.64028951758587e-06
1.63578355547888e-04
-5.61694598578216e-04
-4.40443644898442e-04
-5.39063958568232e-04
-6.63449899514747e-04
-5.57695914907167e-04
-2.54742865572985e-04
-2.24790625297446e-04
-1.52449068930984e-04
-4.69228122080896e-05
-4.26119882171018e-05
-5.20547391465673e-06
-7.62507417044526e-05
-1.49342288939567e-04
1.53602048806902e-05
8.73638041627029e-05
1.56884915836859e-04
2.24238783046967e-04
-9.06674077800247e-05
-7.29377201730999e-06
8.18347066617889e-06
3.98676020406651e-05
4.85865870527203e-05
6.25840296458293e-05
1.23264037529754e-04
1.98647120576428e-04
3.31470429039972e-04
3.23741630714911e-04
6.37406699105497e-05
1.12311817260897e-04
1.32524945552387e-04
0.00000000000000e+00
2.36781441639306e-04
2.42081103861842e-04
2.04429605414398e-04
-1.70414732467410e-04
-3.68998156901512e-05
-3.32430008386236e-05
-1.65066941038236e-05
9.82101671958950e-05
6.37866331647097e-04
1.63333938259964e-03
1.69365722531363e-03
1.62988193914860e-03
5.81803406411725e-04
-1.18296454248771e-04
-9.44982098015341e-04
-1.26762011654184e-03
-7.50336153419522e-04
-2.50921894817764e-04
6.84131262843868e-04
7.50161047758638e-04
6.23479517035092e-04
5.24293015510114e-04
4.62286163122179e-04
9.41840568646144e-04
6.31618084729982e-04
7.76848529002083e-04
1.84972701420186e-04
2.07160898206258e-04
8.32997350005141e-05
-1.38511113911739e-04
-6.65545180355919e-04
-1.69922515259620e-03
-5.07124698937263e-04
-4.30291782330104e-04
-2.91409833664639e-04
-2.24762685949844e-04
-1.61764555280795e-04
-9.72247777975246e-05
5.50134975471153e-04
-6.80178945968242e-04
-5.48464623208357e-05
-6.02623980875733e-05
-6.56839178124954e-05
-7.62326686352801e-05
-7.99836167287857e-05
-9.85371278024025e-05
-1.13965408215492e-04
-1.00849517408368e-04
-1.41236533858060e-05
-9.25420876526283e-06
-4.94492709846153e-05
-1.16214224159339e-04
-1.40903558985940e-04
-1.90619330115829e-04
-2.12667692626128e-04
-2.10660054289488e-04
2.15326985475564e-04
1.53223469886155e-04
-2.01800350488228e-04
-2.55393464944248e-04
-5.16514976307557e-04
-5.14111719425137e-04
-1.14076018995467e-03
-1.11166348819044e-03
-9.42224699305537e-04
-4.14038206680154e-04
4.82476071176348e-04
5.37030804932634e-07
8.50551091364689e-05
4.75342581171105e-04
6.25343087068740e-04
6.41373603885474e-04
3.24726285183657e-04
6.17430000078714e-04
1.77236883721394e-03
2.94859578278556e-03
2.56643997926765e-03
-8.01256990334099e-04
-5.65725190272476e-04
7.58185436409171e-05
8.42350660799905e-04
-1.25846400436053e-04
-5.52087695010552e-04
5.98455831341928e-04
-2.92205576520884e-04
-4.18597177350172e-04
-4.48645193447373e-04
-8.00614917542181e-05
-2.29022532292294e-05
2.39713559327146e-05
5.17104965186286e-05
1.36971145452501e-04
2.14774454810605e-04
2.38021922248946e-04
3.18612704922501e-04
3.33605630700575e-04
2.75258996594886e-04
0.00000000000000e+00
-6.28251956665808e-05
-8.65601676281964e-05
-8.47553662518024e-05
-8.54869038510430e-05
-9.71168833291025e-05
-3.32876584140981e-05
-4.32419551944425e-05
-5.88871333004793e-05
-6.93545217439203e-05
-6.93563294124608e-05
-7.44665470213356e-05
-1.00677863701022e-04
-1.13032758320530e-04
-1.58081802660068e-04
-1.27402008252375e-04
1.64148688524202e-05
3.37375886897213e-04
-1.12850521486290e-04
4.00986763550622e-05
1.93854929049874e-05
-1.18015955354707e-05
6.26234563355700e-05
1.03960093342864e-04
1.27838195491564e-04
1.82462396811896e-04
1.48028399290626e-04
9.15296988851052e-05
-1.24105756918625e-04
-1.14680874178829e-04
-1.18210476335772e-04
-9.06393619652289e-05
-1.39510055544947e-04
-1.74462229974022e-04
-1.76709625597371e-04
-1.71069144762321e-04
-4.51965734733754e-05
-1.19964870956613e-04
-2.86076839046762e-04
-2.75145558781348e-04
-2.87969030226842e-04
-2.71090019742170e-04
3.81806397708806e-05
3.76307199287198e-05
2.71435130701204e-05
-1.05976421473070e-05
-1.01606556712436e-04
-7.32133349768757e-05
-6.85035384876671e-05
-7.21729327592291e-05
-1.86384201336379e-04
-3.90823472080391e-04
-4.09116713026734e-04
-4.70738410466614e-04
-5.08022031935805e-04
-5.21358108473719e-04
-5.94509885360124e-04
-5.54111887538423e-04
1.38903532225177e-04
5.92682492559581e-05
-4.21861397974897e-06
1.32077165156964e-04
1.89329004355104e-04
3.72188714044496e-04
4.67117967084601e-04
8.38515306608624e-04
9.74759869739938e-04
6.52845237063649e-04
0.00000000000000e+00
1.12829121737598e-05
3.31074492580225e-06
-1.55911465918486e-05
-2.98116735011194e-05
-5.82083599861171e-05
-2.48814100979121e-05
-1.34064209838113e-06
-1.02992108325189e-04
-9.00151494532292e-05
-4.86154212061069e-05
4.05521117150190e-06
-1.50779031679493e-05
-1.34595713843098e-04
-3.07200629550496e-04
4.58671082854211e-05
1.81189489134846e-05
1.87619234255684e-04
-9.93787949554662e-05
-1.25820490302606e-04
3.68956645218143e-05
-7.68201878331116e-05
-3.81325516973710e-04
-4.10890129318519e-04
-2.02475118855811e-05
-1.55377457412764e-05
1.92441645400000e-04
1.99405293151992e-04
-6.64008265435781e-06
2.35317377721856e-05
5.96469098261458e-05
2.42847990867308e-04
3.00103347558659e-04
4.19869694038759e-04
4.10353928831915e-04
3.75055729274852e-04
3.80403439756062e-04
4.26257081483528e-04
4.62207999523846e-04
6.07663571682343e-05
1.98785348108287e-05
-1.86668234075311e-05
-1.19714846001810e-04
3.87575431264081e-06
1.50230902489021e-04
1.62419161098546e-04
1.68541794892999e-04
1.75422390094413e-04
1.58922674181604e-04
1.56971744689175e-04
1.37819866144827e-04
1.07631991679764e-04
6.81945497200232e-05
-5.26628826931125e-04
-6.27713301374445e-04
-7.15137953201290e-04
-2.40152334857226e-04
-1.35947187463605e-04
-1.63842317025683e-04
-1.51418356715571e-05
-2.54995694365461e-05
-4.90744932680206e-05
-6.02498612640919e-05
-6.65197703788486e-05
-9.86530817515121e-05
-1.29489112913785e-04
-1.65902066125128e-04
-1.87085586562842e-04
-2.28592647770673e-04
-2.41735196110217e-04
9.65748087270444e-05
9.20776644622410e-05
7.26356000814839e-05
6.06852837488124e-05
4.46485877590276e-05
-1.71847328272047e-05
-1.34380353000402e-04
-1.68677312367331e-04
-2.14084982988566e-04
-3.43111566541164e-04
-4.90266076781085e-04
-5.30820743406391e-04
-5.36935289370831e-04
7.03907181506329e-05
6.54201747841444e-05
8.48481841407669e-05
9.67918938230551e-05
1.07557495642225e-04
1.13761280212020e-04
1.17953667039343e-04
1.37683844732229e-04
5.89820658385941e-05
1.19247482730090e-04
1.41878830795894e-04
1.41469510250052e-04
1.60740538041327e-04
7.67814343309731e-05
1.21742956118454e-04
9.08112829834817e-05
1.51152654245783e-05
-1.89011187530467e-04
-1.69293854427809e-04
-2.79046732459994e-05
1.24293378890852e-05
3.38355678005509e-05
5.30852513686234e-05
6.69401248711508e-05
7.28032454314234e-05
6.63455162499076e-05
-2.32302820718993e-04
-2.25855896209987e-04
-2.00636960363077e-04
-2.21514684706475e-05
-2.44375938547847e-05
1.29210942062847e-05
9.37215412136637e-06
6.91765022586926e-05
2.01460693508629e-04
2.43377846499380e-04
5.53629067172552e-04
5.73393574083011e-04
3.26907068614963e-04
0.00000000000000e+00
-2.91598591847307e-05
-2.60237718214918e-05
-3.57173770202518e-05
-4.43491419254509e-05
-6.19345188692679e-05
-7.25461382131061e-05
-7.51994627557324e-05
7.52231701079778e-05
8.66346374934070e-05
8.79413977589667e-05
1.66448305525937e-04
1.70995547170987e-04
-6.33261110529994e-05
-1.08000669465959e-04
0.00000000000000e+00
-9.94451090562986e-05
-1.57247737504099e-04
6.01636109968123e-05
1.00316802376851e-04
-2.24687088799876e-04
-1.76153277787812e-04
-1.50496124677232e-04
-1.44506321932085e-04
-1.38907824015354e-04
-1.13844020254837e-04
-1.12521650420752e-04
-2.04843368071983e-05
6.46447887625197e-05
1.31172756909673e-04
1.36396863635430e-04
1.55044754701415e-04
4.39382511124710e-05
4.72729443960585e-05
9.58380460111093e-06
-5.07192547312235e-04
-4.85746556070476e-04
-5.06097965883323e-04
-5.38507847011105e-04
-6.14875141181311e-04
-9.60426766272987e-04
-1.06573721462330e-03
-1.04523619942726e-03
-5.00341867384557e-04
-2.63136329541256e-04
0.00000000000000e+00
-1.40810958349072e-04
-1.36935807052199e-04
-1.36422372705760e-04
-5.42626093655057e-05
3.87170450644208e-05
3.55658140121975e-04
-6.68483061265462e-05
-5.38333072870412e-05
-3.17776143477907e-05
-1.81556403167346e-05
3.25870440255982e-05
6.59402198688814e-05
9.37331058028732e-05
1.01708889512693e-04
9.47257940153769e-06
-9.73507211220873e-05
-1.74878803375195e-04
-1.60572566988614e-04
-1.39844066038202e-04
5.21235906449638e-05
6.01486445491578e-05
5.52211190811199e-06
-3.07865128387443e-05
-2.20652949436824e-04
-2.90534822203229e-04
-3.28443952440341e-04
-5.71876547604734e-04
-6.19184243797457e-04
-7.02141786755031e-04
-7.10838039902512e-04
-2.32759172358460e-04
-1.44094364923272e-04
-2.34581204766203e-04
-3.16622337129686e-04
-2.82514059327264e-04
-4.04219644299688e-05
-1.39677166248884e-04
-1.61881565955806e-04
-2.27681052764065e-04
-2.57560141091424e-04
-5.16238558216486e-04
-6.45145313045454e-04
-8.41769769345128e-04
-8.56058584576052e-04
-8.54906563763579e-04
-0.00000000000000e+00
5.78398289536346e-05
5.94877775097995e-05
6.52114807978623e-05
7.07410694411442e-05
1.38721361039458e-04
3.82301340035307e-04
5.17589538614383e-04
-0.00000000000000e+00
2.93461079369746e-04
2.96494642756205e-04
2.78385316418554e-04
1.02898093874620e-04
3.15421028077962e-05
1.13882610204111e-05
-3.09635207465468e-05
6.59343807425894e-06
2.71202067882474e-04
2.37380396971495e-04
1.72864541431793e-04
7.87681240529424e-05
-5.09697238972011e-04
-1.34627199456539e-04
-1.50605751973914e-04
-9.77846778717556e-05
2.42235761145429e-04
2.19971074556412e-04
1.80865521305066e-04
1.93403646617912e-04
3.83499796593500e-04
4.18811927158498e-04
2.74649452862636e-04
-7.18341464691379e-05
-1.47221486099128e-05
-9.59605086820701e-06
-1.32846523149525e-05
-2.32676106250035e-05
-7.63276219395169e-05
-8.65890150975413e-05
-2.26463380250139e-05
-2.95326405960907e-05
-2.72956241997820e-05
2.96849389836825e-06
5.05372703027253e-04
4.77218459939536e-04
-1.12172723369333e-05
-7.59365793423502e-05
-2.23590591433162e-05
3.95232559570436e-06
6.38420877678098e-06
-6.98839300879967e-05
-1.28561207091992e-04
-1.35635567312646e-04
-1.14531436182426e-04
4.55917947053105e-05
8.38353302822599e-05
5.79679213238826e-05
4.06627351203604e-05
3.35126170390636e-05
1.52033446344862e-04
2.12800625583029e-04
4.07634405230595e-04
4.63878789169307e-04
5.91078006359767e-04
7.28875094221629e-04
1.07986556509545e-04
4.26701212641204e-05
4.78796570322293e-04
8.37424933566758e-05
1.02596155030007e-04
1.15747088262746e-04
1.41015595926810e-04
2.02660348672383e-04
3.26990316635583e-04
4.46445566919259e-04
5.51287396875059e-04
5.85653601982246e-04
6.62898438250644e-04
6.86367099477724e-04
7.48033266533673e-04
8.04635795105835e-04
8.27911671106960e-04
4.83091295791479e-05
1.24593961914517e-05
5.57525664721168e-06
-1.70526768489104e-06
-5.01849192116915e-05
-2.45238362618999e-04
-1.84398563079238e-04
-1.10174124379232e-04
-1.13667396054655e-04
-4.04640114850060e-05
2.38233516973407e-04
2.53654778437280e-04
-8.10981537840692e-05
-6.15357181964952e-05
-8.68293677079658e-05
-8.55935367261559e-05
-9.23947571333830e-05
-1.09941295478711e-04
-3.89064873112041e-04
-6.16320639992233e-04
-8.40205278599421e-04
-7.36112600183599e-04
-7.09926571790576e-04
-6.90905988086286e-04
-9.58471309928040e-03
3.01441731102414e-03
-3.19959018324979e-04
-5.60902611995347e-04
-5.58392509085727e-04
0.00000000000000e+00
7.26651502246311e-05
4.63217793687191e-05
1.74809241728644e-05
-7.06843179399085e-05
-9.19858852059230e-05
-1.08881455759716e-04
-1.92362848598223e-05
6.52605736759211e-05
6.64442295284136e-05
1.80534116615425e-05
2.15521996873331e-05
2.29245802693228e-05
2.36587444987703e-05
3.47416537860108e-05
4.29398229479327e-05
4.48826623365991e-05
7.88939446795973e-05
4.88553744708236e-05
7.91334456250395e-05
-3.11775680745815e-05
-9.83614772757286e-05
-1.20253177065918e-04
-1.30363262901637e-04
-4.00384846088970e-04
-4.14021418365108e-04
-4.73395111251701e-04
-4.71947603569440e-04
-4.50908771346394e-04
-4.41263204174427e-04
0.00000000000000e+00
1.33350333843727e-04
-4.66634447600688e-05
-3.22706028325717e-04
-3.39004649189449e-04
-1.30209573437858e-04
-4.70730968394057e-04
-5.01096072082744e-04
-0.00000000000000e+00
-7.91354353750977e-05
-8.65123414472929e-05
-1.11039178479123e-04
-1.36546560621778e-04
-1.50704651337191e-04
1.28821059393280e-05
-3.27726250278916e-05
-2.48668803072564e-05
-9.54592353007711e-06
2.76239925606842e-05
1.76360191172869e-05
1.25167713173500e-05
-1.74987586190981e-05
-1.39514296115249e-04
-1.32302093932897e-04
-1.15217470636798e-04
-1.17535172269972e-04
-1.37542914459968e-04
-1.42743270233089e-04
-1.42338288827085e-04
-2.34407031548943e-04
-2.44125970255409e-04
-2.25652759259706e-04
1.20744932826774e-04
1.32711432959015e-04
1.40341347583075e-04
1.06754971988020e-04
-1.14159673351161e-04
-1.12961089136348e-04
5.82500094745358e-04
5.99778563911907e-04
6.18849519999403e-04
6.31808324721188e-04
6.38029311065926e-04
5.62959190953372e-04
2.37961130074010e-04
3.99206636548050e-06
3.54048298790434e-04
4.72292800991494e-05
1.39385384057669e-04
3.74620969455588e-04
4.02015149222617e-04
4.31052953644945e-04
4.34978162906346e-04
8.28984323305494e-06
-1.72287320222771e-04
-1.78532476676515e-04
-1.99651397252529e-04
-2.18980404854501e-04
4.62639420907814e-05
1.82118469243641e-04
-4.84118670587525e-05
-1.35293439624124e-04
-2.06709115149902e-04
-1.60255127509931e-04
-2.58040331924427e-04
-3.21303085382151e-04
-3.72649778142314e-04
-3.87239951818651e-04
-4.88238865473479e-04
-4.39900294685640e-04
-1.84353738673312e-04
9.01147185451041e-05
8.72190625753523e-05
1.02649353165978e-04
6.14956325905697e-05
3.53899542858938e-05
5.04271838776097e-06
4.00530575028620e-05
1.73049233433624e-05
-5.25354376187291e-05
-1.23307371733613e-04
-1.14773514376551e-04
-1.20491361642415e-04
-1.25210050978433e-04
-1.08411802312505e-04
-1.45465562924809e-04
-1.70454511612786e-04
-9.77905602235107e-05
-1.73582010134597e-04
-1.62658191353288e-04
-1.16872077039033e-04
1.07741948815512e-04
1.58625125708799e-04
0.00000000000000e+00
2.02962464603518e-04
2.09058557987929e-04
2.48550650345508e-04
1.68895619955385e-04
5.23044262799855e-05
-7.69660126210524e-05
-1.03297868281373e-04
-9.19729609134559e-05
7.55155093561590e-06
6.33638771665555e-05
7.83100376984861e-05
-3.08294347437703e-05
-5.35178067497516e-05
-4.33596478497004e-05
-3.82867844788531e-05
4.27457927222147e-05
1.12784047968886e-04
1.45577226873715e-04
1.05132373774996e-04
8.07307985107856e-05
2.73125606110209e-06
-8.50886452381535e-05
-1.92026082657076e-04
-1.06785568274449e-04
