0.000336234986506316
-6.63320304981048e-05
1.32489886956529e-05
-1.17162142281964e-05
-2.10954094799487e-05
-4.31329104255788e-05
-0.000368562498551381
-0.000754533305098232
-0.00183904803105814
-0.0017985264283683
-8.38505603072732e-04
-6.45051612674921e-04
-3.11062822412349e-04
-3.39316968035145e-04
-3.64406589830088e-04
-5.43639144180954e-05
-6.78566440005823e-05
6.22990823025450e-05
1.15402298205001e-04
1.03172344367164e-04
1.36452797178836e-04
2.49560734545177e-04
2.97975487998125e-04
2.66392878081715e-04
-7.89060930181616e-06
1.79646509962854e-04
7.32658758717394e-04
1.25643202458530e-03
-6.65075592703571e-03
-3.44281913707815e-03
-9.86122441700834e-04
-4.89946894339020e-04
-2.77572911924235e-05
-7.72107485764260e-05
-1.27995245499244e-04
-9.26036931290419e-05
-2.29455139473829e-05
6.36810810459045e-05
-4.55463575621198e-04
-2.41514129917626e-04
-4.60672666844326e-04
-9.56069976017538e-04
-1.22931671030022e-03
-8.06676321367823e-04
-5.05493979356396e-05
-1.64249819779953e-04
-4.65832701690360e-04
-5.92831990447560e-04
-1.66022109778724e-04
-1.55341195010743e-04
-2.28814483688540e-04
-4.97344554305696e-04
-4.66805792005295e-04
-3.95689488053345e-04
-4.12583066341440e-04
-1.07745514440892e-02
-4.95985166555261e-05
-1.17917127433179e-04
-1.95884329447795e-04
-1.16822301249456e-04
-7.12229770652030e-05
3.98293766632174e-04
2.93977431338176e-04
3.22240812370181e-04
4.09034337558162e-04
7.03093299218821e-04
1.02635080593434e-03
5.19055050095017e-03
7.78653800222568e-05
2.01817046474459e-04
1.57484740032298e-04
1.13535123731347e-04
1.06593648743006e-04
8.89513702666529e-05
1.48196825169788e-03
1.98959039214084e-03
4.24788129058908e-03
3.35608507510587e-03
-7.50702461231232e-04
-1.69447871553659e-04
-1.91010125974700e-04
-2.08890634659803e-04
-1.49944244075342e-04
-1.63169039356038e-04
2.73801764102646e-05
3.92363027902151e-05
6.27912304910999e-05
6.43316763050648e-05
2.06618047444692e-04
2.12857265839774e-04
2.51525128624172e-04
4.02411188351910e-04
5.57757635691796e-04
9.18399761017216e-04
2.51173464000416e-04
4.31558592132805e-04
2.03118726695912e-04
-1.85109132270077e-03
-1.42201321842368e-03
-1.29928668483263e-03
-6.25809106577650e-04
-3.88324698716991e-04
-9.72207771527313e-04
-6.03051716533086e-04
-5.08073604762925e-04
-4.26742623529665e-04
-3.59221921574039e-04
-1.91211584400674e-04
-8.70639214907112e-05
1.02433284714955e-04
2.57720201666725e-04
2.27935281618884e-04
2.11849249653165e-04
9.31105895770471e-04
2.09961017721092e-03
-2.31463518194678e-04
-2.87408190875638e-04
-4.85480195990700e-04
-8.61942709977962e-04
-9.63139978085924e-04
-5.03927250900798e-04
-1.23638845869424e-04
-4.19205265833234e-04
-1.71808769901307e-04
-2.64653133216095e-05
-7.55710993212353e-05
-4.91107652391472e-04
-9.04561747561750e-04
-3.79119738255199e-04
-3.31429691121416e-04
-2.06441071889467e-04
-1.48037256096060e-04
-1.68482420002861e-04
-2.03122078229467e-04
-2.64931830077621e-04
-2.77391804672692e-04
-3.63646650791678e-04
-9.10986679368855e-04
-1.01869645000806e-02
-2.17558122373192e-03
-4.34259439431485e-04
-3.93283252786560e-04
-4.18599472629509e-04
-4.42941310183027e-04
-6.19873051889731e-04
-1.00848955047998e-03
-1.62555297718977e-03
-2.02647222018472e-03
-2.83102510663940e-03
-1.05452418619473e-03
4.81146358722136e-04
1.13341392721620e-04
1.09108971278453e-04
1.13483147240810e-04
2.19326495461687e-04
2.44870327155443e-04
2.77811126047405e-04
2.83471634144085e-04
2.78229239902966e-04
7.88407807587451e-05
7.07405279255100e-05
7.03916502798027e-05
9.94469119717314e-05
1.01078069019923e-04
-3.45039886455716e-04
-1.47275159860324e-04
-7.79128600608131e-05
-2.09180415212143e-05
8.94051969899990e-05
9.32663000598020e-05
1.67375630319620e-04
4.83497248052990e-04
8.21385143376426e-04
1.67455040233589e-03
-7.65903461628160e-04
1.70431681481036e-04
-5.77866138939391e-04
0.00000000000000e+00
3.75340484595004e-04
8.05507784872756e-04
6.62540576021939e-04
2.17660825384904e-04
3.27799059821925e-04
3.07148945878002e-04
1.96367102584949e-04
-5.36945513740896e-05
-1.58079075972711e-04
-2.56193988955159e-04
-3.60683322481261e-04
-4.63119621271220e-04
-8.17579097028650e-04
-1.88360359760889e-03
-3.14402426657610e-03
-4.33350801585952e-03
-4.89032808498369e-03
-3.91320404166626e-03
1.90980488993608e-04
-3.50260204071742e-04
-5.82902140327266e-04
4.56561515646808e-04
3.73237067425190e-04
2.60078712261088e-04
2.45629348372384e-04
2.72126533216240e-04
4.39045444915355e-05
-2.15261052397390e-04
-2.40798388467553e-04
-2.67728298728011e-04
-3.79029203018996e-04
-4.35016177523983e-04
-2.30750866397651e-04
-7.81851688060583e-05
-6.08636328070297e-05
-4.31494130099135e-05
-2.44212546177086e-05
4.68111038726554e-05
-3.31519605889601e-04
2.23652759542068e-05
2.18920344024403e-03
-7.26146704222790e-03
-4.14026022687230e-05
-2.21601934309207e-03
-1.60782607391221e-03
-2.44344332703761e-04
-1.37317046159126e-03
-5.91777034927702e-04
4.79854420545213e-04
1.72669757082603e-03
2.03161415737362e-03
1.59054039990519e-03
5.16157620569038e-04
4.74895000841605e-04
5.87578450060030e-04
5.52901741504023e-04
2.93955924626419e-04
5.21967494035123e-04
7.48691428691916e-04
8.31337766155778e-04
1.34534024311663e-03
1.90741618127619e-03
3.92383102876275e-04
-1.30044191743971e-03
-1.28970351000015e-03
-4.30117125674622e-04
-1.98367750865946e-04
2.02840899882891e-05
7.28132780444337e-05
-2.96160405540922e-04
-4.58637446731660e-04
-7.27915973168076e-03
-2.01292323477877e-03
3.04788594718272e-04
-4.98107151335149e-05
-7.37063385675892e-06
1.82826646975464e-04
4.16513792158813e-04
3.95960998917501e-04
3.64858983279810e-04
3.37141723171660e-05
-7.77843683206685e-05
-1.12728950911963e-04
-1.24566360569716e-04
-1.91318798836051e-04
-1.08985488430933e-04
1.37149353054363e-04
6.29300638724504e-04
1.25073761133776e-03
-6.97115764256746e-04
-0.00000000000000e+00
-3.91042020020887e-05
-2.59883410621391e-04
-2.84059451287994e-04
-3.07809549295252e-04
-3.17690193769099e-04
-3.62851713109459e-04
-3.73742887873624e-04
-4.45217301868978e-04
-5.34622611119398e-04
-1.08974011078787e-03
5.92881094210598e-05
3.16509716995805e-05
4.41434858147850e-04
3.77350850272100e-04
4.24922404160385e-04
4.30548522821369e-04
4.34030669285825e-04
4.22804594798150e-04
4.10488256650558e-04
3.21049730143690e-04
1.17909476344826e-04
-9.92446099114710e-05
-1.62317196670184e-04
-9.37506604930402e-05
-1.63113041204232e-04
-2.76662307571703e-04
-2.54902151319164e-04
-2.08775654335823e-04
-4.31717165989233e-05
-3.83600553986489e-04
-9.78709221825329e-04
6.63031464310403e-05
7.94773305846472e-05
9.04615348901550e-05
0.00000000000000e+00
7.76483527496758e-05
5.03491661742854e-05
-1.65851559917147e-04
-2.07289745873137e-04
-3.47428652854351e-04
-7.81417372118684e-04
-7.68123266961011e-04
-7.03451729329000e-04
-3.20481063452127e-04
-1.78341779709682e-04
0.00000000000000e+00
-2.13566496282151e-04
-2.69370797658732e-04
-4.15262554383552e-04
-1.90669724828966e-03
-1.17780881572304e-04
-1.35606148587485e-04
-9.17036820385297e-05
-6.85024107554166e-05
-5.50168927741887e-05
-6.74516444408515e-05
-1.13829492943538e-04
-7.54950233047373e-05
-1.87676675538068e-05
-2.31817384172495e-05
-9.98730879082812e-05
-1.92068548263763e-04
-3.77676029696850e-04
-8.62514586383891e-04
-4.53935025614273e-04
-3.43825565402780e-04
-1.50368724894039e-04
-1.31107168316911e-04
-1.72545398514296e-04
3.60746465908518e-04
3.07252912574149e-04
1.80550893198881e-04
2.57429768426827e-04
-3.08165973920530e-04
-7.82553825910807e-04
-8.06804674675216e-04
-9.59178791693626e-04
-1.32336721306989e-03
-1.59256478825384e-03
-7.42926194962035e-04
-2.43811518123059e-04
7.08421939119245e-05
7.16045564184468e-05
4.60656089117350e-05
3.85460633473298e-05
3.70767166832665e-05
1.35054901866326e-04
3.25779797161726e-04
8.94314578108759e-04
1.19408031293534e-03
8.58359016451540e-04
7.91503525162139e-04
7.85738605451822e-04
0.00000000000000e+00
-7.44510508186627e-04
6.78391963690260e-04
1.22112329266163e-03
3.10956998956404e-04
3.38966802684272e-04
3.62172035156547e-04
4.22578910060393e-04
6.14656322095976e-04
4.28281114887513e-03
-2.10632072866602e-03
-3.05259778661325e-03
-4.54492059934649e-03
-2.22431005718395e-03
-5.25605615361555e-04
2.53793041675500e-03
-3.30974820133051e-03
-8.04952699033853e-03
-4.53583852885158e-03
7.71773838587431e-04
1.66352672806680e-03
3.09391575179284e-03
3.56912744790708e-03
3.94661596801307e-03
4.63021796792409e-03
5.45371063423620e-05
-4.17387191143553e-04
5.25515212522985e-05
5.44712006000005e-04
2.69647559651055e-03
1.34592035563019e-03
3.93565562880735e-04
7.36136266160828e-04
-8.33442461016577e-04
-1.09289217939330e-03
-1.14923557139995e-03
-9.25550565384376e-04
-5.64874419539400e-04
-1.36429643134286e-04
-2.45443807402626e-05
3.62703762472933e-05
3.03692416535438e-04
3.43730114908964e-04
3.79930267388500e-04
4.22055349006343e-04
4.26579129771367e-04
3.13608341138664e-04
2.46801108962085e-04
7.41505361599255e-05
-1.08452734540039e-04
-1.37544632545127e-04
-1.71689641747051e-04
-2.57449393137729e-04
-3.16670010860405e-04
-5.35876575545734e-04
-1.37822269466052e-03
-1.96189989719337e-03
-4.70952305320276e-04
-6.18703517375086e-04
-2.44785178629501e-04
-3.30864057057700e-04
-1.03080098678590e-03
-8.75241555350683e-04
-4.41666609217704e-04
1.89630072546493e-04
2.11194659727484e-04
3.15631945127790e-04
9.35428177641586e-04
-7.40129874238517e-04
-2.82130099138744e-04
-3.25752526502602e-04
-5.01323539393117e-04
-6.85995751194855e-04
-5.89827561893903e-04
-8.44070819342315e-04
-4.57200327202122e-04
9.50269235012947e-04
1.16128978145103e-03
3.86550968666881e-03
4.01114189270303e-03
4.14174836167617e-03
7.38730312276005e-03
-2.78799652616593e-03
-3.47046639870133e-03
-5.48725941837326e-04
3.33816927152410e-04
3.76297429667386e-04
3.98334268673225e-04
-2.89818774631250e-04
-4.04542107402001e-04
-5.76106290181888e-04
-5.96432707731135e-04
-4.35302982098747e-04
-5.12532030478468e-04
-6.51259804959924e-04
-1.51714242821008e-03
-2.05655670559531e-03
-4.65676487818426e-03
-0.00000000000000e+00
2.05303976742259e-05
1.07684908221317e-04
1.38625889162705e-04
1.49353969707790e-04
1.78181811366440e-04
-2.74435351932124e-04
-3.58851427858814e-04
-4.92388412057311e-04
-5.43677961481167e-04
-4.95531803919062e-04
-5.00445823050591e-04
-5.43702113109896e-04
-5.66311211612472e-04
-5.68587474757716e-04
-2.72675024598356e-04
-1.86055423518833e-04
2.58817919638754e-04
7.27172136087493e-04
1.81754672826490e-04
-2.63977880285512e-04
-2.33353604945396e-04
4.46449821458617e-05
1.20566042144073e-04
-3.98608647185222e-04
-6.79610578105649e-04
-1.27144661456869e-03
-3.41764568098549e-04
2.50950745963813e-04
2.21697011027341e-04
-1.92943365234779e-05
1.95098726385324e-05
5.55749439137126e-05
7.91349338678102e-05
9.94011639994858e-05
1.62089856895487e-04
3.90928588435975e-04
5.54557662049829e-04
1.23176369924460e-03
2.05461684473614e-03
4.44272480179531e-03
5.77380446838974e-03
3.22407053727091e-04
3.40332236762631e-04
3.40963198264262e-04
3.05928552300625e-04
-2.41952064256492e-04
-1.84154090250102e-04
-1.87508882660374e-04
-1.90975088386853e-04
-2.13324789616564e-04
-3.32243803045709e-04
-3.63974674655075e-04
-4.96154560794852e-04
-6.36311926548439e-04
-7.29608809010274e-04
-1.13061459700146e-03
-1.03360150550736e-03
1.88618542313584e-04
5.74552157389132e-05
-1.93877441606300e-05
-1.16717938860117e-04
-2.98133374310871e-04
-4.68297489656407e-04
-5.34077243786862e-04
-1.06443192079427e-03
-1.19609572245794e-03
-6.50133861498371e-04
0.00000000000000e+00
7.40546296943196e-05
7.84031402054748e-06
-7.47145706154360e-05
-1.34600448954300e-04
2.21180740599501e-04
2.10007898269405e-04
-1.09924186322848e-04
-3.27814703045596e-03
-2.92370184549132e-03
-1.06222803509463e-03
7.12813491693505e-04
-3.38873853365228e-04
-4.01501515765715e-04
-9.82301577025787e-05
-8.98184645382461e-05
-4.14718232396066e-05
8.18961471775484e-04
-4.07336736563427e-05
-3.05289950281165e-04
-2.31262322253938e-04
-4.55225381865035e-04
-6.51292227351630e-03
-3.52501616900376e-03
5.17821227676138e-04
4.64460350207549e-04
2.95841722937112e-04
2.49033092796986e-04
-2.86176893995743e-05
-7.90424811699072e-05
2.28417869820237e-04
3.39126726870781e-04
3.43551945102170e-04
3.33784732092290e-04
3.59920948702738e-04
1.88460798826282e-03
2.32303857362107e-03
2.92168797626588e-03
2.89126135829272e-03
-5.34079085186744e-04
-5.36741910163640e-04
-3.22494082125269e-04
1.05484558155312e-03
1.03875305581426e-03
5.26613566492270e-04
3.52800953435452e-04
3.13615167714010e-04
2.99322271692189e-04
3.56777902511653e-04
4.00914867112258e-04
5.36703301032613e-04
6.79485046197027e-04
8.55677815887701e-04
2.19734645515451e-03
2.95415828821147e-03
3.74417455351654e-03
1.70132590137376e-03
1.49115479485907e-03
1.42894911830695e-03
-3.52419091798408e-05
1.61784160519678e-05
3.25754772811626e-04
6.35535518124882e-04
7.13092912164275e-04
5.58330901480696e-04
5.54621888798621e-04
1.17750927158600e-03
2.00096867320735e-03
6.61164743561396e-03
1.15053760902124e-02
-2.24204864314065e-04
-6.50094794291127e-05
2.25236674134524e-04
2.87496796954835e-04
3.45439559015344e-04
4.40605588502625e-04
1.93507220463055e-04
1.33717271847370e-04
2.64894703710592e-04
5.72691124015290e-04
1.66360755617506e-03
2.84441861208711e-03
3.20963883013719e-03
1.22582150391645e-03
7.18570556863109e-05
1.95685634693919e-04
2.41877696794750e-04
2.29459564677573e-04
1.66591919635019e-04
1.48899948518239e-04
1.51868607965051e-05
-2.29654269167297e-05
1.68672161074985e-04
2.38611477917587e-04
3.32159529200434e-04
4.75318569196662e-04
4.77465578447594e-04
1.31818317224824e-03
6.40663202674057e-03
2.85140573209998e-04
-2.93532063961286e-04
-1.33948982098550e-04
-1.36670764756416e-04
-2.22427125439704e-04
-2.94735727833184e-04
-3.12923949130938e-04
-3.15749961236261e-04
-3.15662314752664e-04
-3.01032828279754e-04
4.57545282892972e-04
5.47257047846903e-03
1.70972998552624e-03
-1.64182728491587e-04
-1.18429658713344e-04
5.56864768195610e-05
4.57897065147072e-05
7.13805324503850e-05
3.86296672704955e-05
-5.02362557621907e-05
-1.43352665339412e-03
-2.14107922017279e-03
-1.45591350209562e-03
0.00000000000000e+00
-4.36936027557839e-04
-3.90524224728367e-04
-3.13112120988139e-04
-2.83500594115741e-04
-2.34261095927723e-04
-1.84887393550239e-04
-1.61935623884211e-04
-1.76990786334470e-05
-8.21041488355962e-05
-1.26508224494900e-04
-6.97827370696630e-04
-1.43789639947219e-03
-2.04668161792767e-03
-1.99572741642240e-03
0.00000000000000e+00
-9.91062625093799e-04
5.30534326385273e-04
7.98543055625488e-04
6.05846992129254e-04
5.32165857961419e-04
3.29278333284903e-04
-1.54681817363124e-05
-1.37564478680700e-04
-1.17678526820672e-04
8.02072818916409e-05
2.58532201058392e-04
2.40856711784013e-04
3.87888914814668e-04
-2.80371875327259e-04
-3.42360326040586e-04
-2.35747412661794e-06
-6.42125402894348e-05
-6.31157409129176e-05
-8.89028511963340e-05
-1.45116110165164e-04
-1.45591288235327e-04
-1.46737977742082e-04
-1.59830265378309e-04
-2.36409840667686e-04
-3.27998953217645e-04
-1.98652867567416e-04
-1.62046483481513e-04
2.60960710597309e-04
7.54586877375135e-04
0.00000000000000e+00
3.02529743101525e-05
3.94611366491271e-05
2.69647059719670e-05
1.54430133416507e-04
-3.52334985497157e-05
-3.09670036642241e-03
-8.58029881376873e-05
-1.00258469118776e-04
-2.03106327676270e-04
-2.83154278987711e-04
-1.31256843448639e-04
6.16099293741215e-05
2.03474277245244e-05
-1.43195445438972e-05
-1.32874532753622e-04
-2.69213472587622e-04
-2.99698483480639e-04
-2.22576414057908e-04
6.41067476089550e-04
4.72194305364200e-04
7.03407668480194e-04
8.43908455710964e-04
5.23839125629699e-04
1.85559382849525e-04
1.47125058968671e-04
1.83901450723230e-04
1.39475708299430e-03
1.85027269063153e-03
1.77753528783619e-03
1.46067187549067e-03
-3.22367512164533e-04
-2.45258469401452e-04
-3.49541009591726e-04
-5.01486259819582e-03
-3.46789987611303e-03
2.98731241774023e-04
7.74388620675577e-05
-9.78080486604357e-06
1.41811404044555e-04
2.33088805179049e-04
1.42111276467734e-03
1.95538503527026e-03
2.01349189489097e-03
1.80955334169283e-03
1.23523057841266e-03
-0.00000000000000e+00
2.76213942386806e-04
2.96768008880450e-04
3.08020426264167e-04
3.11256232194238e-04
1.48295216225085e-04
1.61501461771264e-04
4.86790259412130e-04
0.00000000000000e+00
4.70217549468005e-04
4.97746553082192e-04
5.71295523824890e-04
7.62464757769866e-04
4.85017748726445e-05
-2.82408304313651e-04
-9.59303707149578e-04
-5.43445269429026e-04
-5.19504403750947e-04
-6.78772892303148e-04
-8.88937860705350e-04
-1.16230306011400e-03
-1.50583455657280e-03
3.51299495150685e-04
2.45234706342301e-04
-3.33217395992714e-05
-2.36306117964401e-04
-1.59810590149008e-04
7.58748444556250e-05
2.28362929156280e-04
4.47761684626741e-04
4.91213297611925e-04
5.48550632300775e-04
8.18798000718414e-05
8.31625936855938e-04
3.14865171628471e-04
1.48904084629021e-04
1.30456765939587e-04
5.25559223276696e-05
5.57571499555550e-05
3.73645865830661e-05
-3.40553138749260e-06
-2.30777133933351e-04
-1.79706253333736e-04
9.15073208236058e-03
2.10322560786154e-02
-3.07532977205909e-04
-3.12240969159033e-04
8.44524478799809e-05
2.92767543338262e-04
3.23758721729142e-04
-1.79467809634255e-05
-1.28399676778385e-04
-1.61680020631413e-04
-9.54451838686800e-05
-3.95687326997899e-04
-1.69506976822855e-04
-1.78870482961072e-05
4.08956533865629e-05
6.45860216654469e-05
-1.25486873349737e-04
-2.96250023572473e-04
-6.07617281190626e-04
-6.22136490182843e-04
-6.02675585112066e-04
-5.35115506682738e-04
-3.67364091011879e-04
-4.97616398008335e-04
-6.10811625955727e-04
2.61297146469595e-04
5.03771562700804e-05
5.81765806717411e-05
2.62477284357195e-05
-2.28638659268272e-04
-1.97613291193162e-04
-3.22020432451357e-04
-6.06971320332420e-04
-7.58250554988519e-04
-1.08639225851956e-03
-1.11505497406001e-03
-6.78819361707644e-04
-5.99430698799083e-04
-5.75029453422318e-04
-3.11586685439919e-04
-1.71315267185908e-04
4.06501193819873e-04
3.41079002859360e-04
5.79434783598869e-04
1.99132338538024e-03
8.78524299585974e-04
-3.90908284744243e-04
-4.16692203612151e-04
-2.58684550786803e-04
-7.14177218051623e-05
-9.24371633080818e-05
-1.38200477871774e-04
7.88620335844034e-05
1.38341935835746e-04
1.53961322128063e-04
1.84242718437902e-04
2.06285863136537e-04
4.71298866835863e-04
6.71240421019134e-04
1.18773355416022e-03
9.01677626743386e-04
7.88193082947616e-04
5.77320000926120e-04
-1.26876215937181e-03
9.13939903576135e-04
2.79417667911874e-04
2.63154335171934e-04
2.43741255520113e-04
0.00000000000000e+00
-1.07543700442551e-04
-2.18023245106135e-04
1.45686385910674e-04
1.21002789306606e-04
6.35800457472946e-05
2.41624444443534e-05
-3.06110843898406e-05
-4.26383640825362e-05
-3.90817305183178e-05
1.01163666599645e-04
1.04008154482097e-04
1.04917230220679e-04
1.01209869902676e-04
1.34886419098633e-05
9.12323150052837e-06
2.00155920755659e-04
1.05447848629539e-02
-6.37009300176192e-04
-1.07533453703855e-03
4.26372165081771e-04
1.29961471737982e-04
-1.11871193594342e-04
1.28110925388759e-05
-4.49109316514688e-04
-4.54904109095699e-04
-5.15520094723313e-04
-5.76131175409856e-04
-7.24179978074437e-04
-7.77292065513332e-04
0.00000000000000e+00
7.75335358455217e-05
-2.14146420231575e-04
-1.12494000632956e-03
-1.92954612550179e-02
5.80547354403555e-04
2.26035080308194e-03
1.70010453713439e-03
-0.00000000000000e+00
-7.65363335231824e-05
-9.71044785525166e-05
-1.12375884085152e-04
-1.09732871633431e-04
-9.96549087629841e-05
-7.89194197404143e-06
6.82423144733592e-06
-2.40271215571710e-05
-1.30765309003605e-04
-1.42748809961974e-04
1.29626339003344e-05
6.16392219423712e-05
2.21629717096940e-04
5.08821976563447e-04
7.86583547762169e-04
2.41496932312839e-03
2.66161795731784e-03
7.60347515478779e-04
1.44976792768669e-05
-6.19277090374389e-04
2.72030018558454e-04
1.26155653188638e-04
1.02486423092389e-04
4.89149134109056e-04
4.78199624974130e-04
4.20268520315422e-04
3.27076855028270e-04
2.30395836694586e-04
2.55380632593575e-04
3.25422961652662e-04
3.35137909502350e-04
5.66775458599231e-04
7.93285770720360e-04
9.22149015637712e-04
1.29675344807615e-03
5.03313689873363e-04
1.32126837769029e-04
2.08814718628314e-04
5.70953131075024e-04
3.61778283070291e-04
1.19138822309851e-04
6.49614737186144e-05
3.50366365844944e-05
3.27946771617811e-05
3.73718765077995e-04
5.73426334859702e-04
4.73766868809797e-04
4.48717489557995e-04
4.36334872068938e-04
9.30425600711790e-04
1.01353230934777e-03
9.72611539887014e-04
1.29362788815708e-03
1.44305482168432e-03
-1.17671512697130e-04
-2.19715450597964e-04
-2.82499841403364e-04
-3.38966275198167e-04
-3.62499538584887e-04
-5.36265253901171e-04
-5.38043324017551e-04
-4.89578999993173e-04
-3.70137857102478e-04
-1.91581659999648e-04
-1.62315828851569e-03
-1.54047726173495e-03
-5.22979641918051e-04
8.85109247098079e-04
6.10766278091138e-04
3.45994516184115e-04
2.78660158110616e-04
2.73826075813141e-04
2.18178415060161e-04
1.78721471522825e-04
1.19185941233167e-04
9.19034784007052e-05
4.64709649545431e-05
3.16099186487740e-05
3.20570104241122e-05
-3.18464953227117e-04
-4.08318698717162e-04
-4.04547212396900e-04
-9.44685932370328e-04
-6.76979276984756e-04
0.00000000000000e+00
-6.69753383941304e-04
-3.11017739258366e-04
2.47326871418571e-04
-7.86129212262791e-05
-1.56174714272898e-04
6.28656747040421e-05
-1.79650147057800e-04
-5.14250244056464e-04
-5.90812704820055e-04
-1.58212484257073e-02
-4.68070992824194e-03
1.39550587401651e-02
9.34450036248684e-04
6.78388751315121e-04
5.79599558688571e-04
4.15702744573940e-04
3.54214920202449e-04
2.60164493942096e-04
7.79496027202219e-05
8.29779838242365e-05
1.59367180266353e-04
-2.67143597651364e-05
-9.77276125444675e-04
-3.34420858814565e-02
