-4.12400138262626e-05
0.000159072235371787
-6.21522586967938e-05
-2.36723352059639e-05
-2.83003375328821e-05
-2.46208356870846e-05
3.23973972294902e-05
-0.000389161399477227
-0.000289988516766879
-0.000213524775353193
-1.78710895084146e-04
-4.02346198239508e-04
-2.79033525424138e-04
-2.37482316686781e-04
8.22572319866678e-04
1.36906176338434e-03
5.52884913470896e-05
4.99746093018296e-05
6.55871169644101e-05
1.47843347056446e-04
1.76799693154384e-04
2.55108952129345e-04
2.68833130759788e-04
2.29558396747488e-04
1.93726928464191e-05
-3.67171435897712e-05
2.12385792762640e-05
-2.93506942577641e-05
-1.32696359052424e-04
-1.72608868974714e-04
-1.82550369881160e-04
-1.65932501398523e-04
-8.89588487071362e-05
-3.32906548070575e-05
1.08123159784768e-05
1.98088401256392e-05
3.35800135180657e-05
3.81425307079046e-05
-1.10419540222518e-04
8.11916799465533e-05
2.64849047002851e-05
-2.92816899705390e-05
-9.10855522102843e-05
-2.83819177642048e-04
-5.63946862266744e-05
-7.18197696850103e-05
-9.18313105272358e-05
-1.10025025522506e-04
-9.44556987911792e-05
-1.04186576941359e-04
-1.10733968770746e-04
-1.26903408016429e-04
-1.02582494525906e-04
-6.65343490914398e-05
-7.03949830549110e-05
-4.92560808253296e-05
-3.30954030931323e-05
-3.71803541087847e-05
-2.43502082478630e-05
7.18512309886638e-06
1.81976250734059e-05
-5.34380351134021e-06
-4.99522341138437e-05
2.75718535936874e-05
3.98468429818644e-05
-4.23055182578958e-05
-5.61691330278470e-05
-5.02128687911743e-05
5.51918473757473e-05
4.41020053967053e-06
-9.71300159116992e-06
-5.50431274009672e-05
8.86657077197453e-06
4.08400243202212e-05
6.05493441428822e-05
5.84863607652981e-05
6.53125014259385e-05
3.57443754097564e-05
1.23619033743365e-04
-1.06338268499248e-04
-1.11992892224406e-04
-1.22377082669754e-04
-1.12800857824097e-04
-1.05643945096727e-04
-7.29199046062584e-05
-6.53562105326797e-05
-1.35572652832791e-05
-2.61934395885224e-06
1.39105907734860e-05
-2.39715348817771e-05
-3.61241393661242e-05
-7.00493181834604e-05
-8.11414990543244e-05
-2.40204429086957e-05
-1.90637809630134e-05
-3.08502423132963e-06
3.77441402900082e-06
8.52812791507996e-05
1.81939023052060e-04
1.93467281320576e-04
2.00604356317996e-04
5.14959762624249e-06
-7.67722278032438e-05
-6.20385716172250e-05
-6.90760958095357e-05
2.06454441305028e-05
1.03783171535249e-04
-1.73971249526065e-04
-6.75879492983153e-06
6.62611517448488e-05
1.68204261875254e-04
7.96781087840653e-05
8.58766560338936e-05
1.69685700663010e-04
1.76548517427457e-04
-1.37912462838914e-04
8.85678071259011e-06
8.65091004809393e-06
-4.09093063679335e-05
-2.90126050538524e-05
1.91924111480026e-04
3.18663259617019e-04
1.34110928968227e-04
5.47633709278133e-04
5.37847831709296e-04
-8.45515851284373e-05
-8.76510987671488e-05
-1.01246289592650e-04
-1.71188671064937e-04
-1.68652893246277e-04
-1.49125643778143e-04
-9.13598954912308e-05
-7.29174368604685e-05
-5.09310933348587e-05
2.08779970363222e-05
5.53013343892323e-05
9.42483549051840e-05
8.69612173070493e-05
5.40481178456476e-05
-1.42972741661693e-05
-2.09291933278137e-06
2.42236780777739e-05
5.13970431073334e-05
7.94986894541945e-05
3.51250863795756e-05
-1.87584270371242e-04
-3.05005655939894e-04
-3.02323371715879e-04
-2.53073514401750e-04
-1.08995242879502e-03
6.54553907284272e-05
1.90062476662690e-05
-4.53843580188181e-05
-7.08573465773887e-05
4.01900086499343e-05
6.64243323301928e-05
5.98963718702830e-05
1.94477856469103e-05
4.18250348003617e-05
-2.10705601119407e-05
-5.33907640543571e-05
-6.53345457589261e-05
-2.83786806729038e-05
1.28569348113270e-05
-6.20212824479906e-05
-1.53692973749559e-04
-1.09371959917255e-04
-8.94409961272930e-05
7.04845456093488e-05
6.97501110937667e-05
-6.52196161468567e-06
1.18365759408923e-05
1.03455104410107e-05
1.08844099429353e-05
8.13097305120307e-06
9.18969048043762e-07
-1.35593779005665e-05
0.00000000000000e+00
-2.18033064954080e-04
-2.75015860429134e-04
-2.62887070997858e-04
-2.35549605203073e-04
-1.33525115482962e-04
-1.04318580212164e-04
-2.06210451345675e-05
6.91502847334262e-05
9.85089499890891e-05
1.25555332819551e-04
1.50748676870285e-04
1.72738589302491e-04
2.04016599238696e-04
3.15356421612711e-05
-2.19213818592875e-05
-4.48406933389591e-05
-3.65641693054265e-05
-3.09445517347142e-05
-2.34573850414486e-05
-6.90593692123237e-06
5.97981082986566e-06
9.04126494677104e-05
7.84511296247872e-05
2.97958721997287e-05
2.98914102934402e-05
4.46108668181342e-07
-1.11377848336218e-04
-2.59389081191800e-05
-3.83284619525540e-05
1.24798587373645e-04
9.10423323712760e-05
6.96218685591798e-05
-9.66865639162680e-05
-1.08628230306494e-04
8.34489083588789e-06
1.10060163893168e-04
1.89990441283610e-04
3.42171375774314e-04
4.99125502386459e-04
1.00443263676465e-03
-4.89865687264143e-04
-1.07615810540968e-04
1.06989150251068e-04
3.88949331147310e-04
4.17023113954404e-04
3.22237077419270e-04
-8.72426690347230e-04
-8.03741419616688e-04
-6.72064042194529e-04
-3.41413394036629e-05
-7.61240269855839e-05
-8.68095804117544e-05
-5.39491651096877e-05
-1.73237796835631e-05
8.17409408241514e-05
7.88255198361129e-05
-2.74145772872848e-05
1.23263011451117e-05
-1.11948204340310e-05
-3.46534495197831e-05
-1.47587578061694e-04
-1.49455910769730e-04
-3.74975765651654e-05
2.12863486738580e-05
-3.66648760348836e-05
-2.72480578264062e-04
-1.04486867195359e-04
-1.01628788690375e-05
-1.06243815504951e-04
7.87037784280803e-05
6.99427552382935e-05
2.32200553954278e-05
-4.94954166577275e-05
-1.00169969349545e-05
-3.86411782209452e-06
-5.58792294147666e-06
1.48317231954765e-04
1.55007420177294e-04
1.67932300530176e-04
1.98615569882904e-04
1.91803134620858e-04
1.53579144463781e-04
-3.29622045427320e-05
-6.83336204265810e-05
-1.68541689961796e-04
-3.25176336826801e-04
-1.48613059971903e-05
1.42569806148053e-04
1.20934462270709e-04
-2.69939659094672e-05
0.00000000000000e+00
3.71345336304815e-05
2.97964517523189e-05
8.29084986386184e-05
1.12567238468461e-04
1.18831103311346e-04
1.17304595459609e-05
-5.13585729895884e-05
-2.15508308322266e-04
-2.45968645663884e-04
-3.17266383283721e-04
-5.94502800859142e-05
-9.70814487055840e-06
7.30332833022642e-05
1.57224230048454e-04
1.76879711879768e-04
2.33334087016143e-04
2.91784760396603e-04
3.84450067891459e-04
3.94397383638598e-04
2.60574523221046e-04
4.68038782902449e-05
-1.38756392168884e-04
-2.09130622417810e-04
-1.37031641543902e-04
-1.36713671289431e-04
-1.86408136317734e-04
-1.87363244489358e-04
-8.17738444238681e-05
-1.01830490625434e-05
-3.46023034443303e-06
-5.17933799045311e-06
-5.75930096857571e-06
-2.95683913315094e-06
7.11718270953466e-06
-0.00000000000000e+00
-1.05056352739739e-06
-2.96461752617580e-05
4.95173888233013e-05
3.90720041844409e-05
-2.02062733547244e-05
-3.95155010743652e-04
-8.58917979703964e-04
-8.19950865153079e-04
-7.38910698279132e-04
-7.51155814784521e-04
0.00000000000000e+00
-2.44463925283807e-04
-1.75904964556502e-04
-1.05973357436010e-04
-1.49844836601223e-04
2.26731812551834e-05
2.83254299503873e-05
-1.77179169650539e-05
-4.60350323150238e-05
-7.74812525436972e-05
7.43995502145908e-05
-6.40830139440859e-05
-1.13084433938140e-04
-1.10267857924764e-04
1.17820962546066e-04
8.73687351551577e-05
6.27680864728253e-05
4.02880088534352e-05
7.99437759623315e-04
8.26415941889248e-04
8.63010030084642e-04
1.02505221328570e-03
1.00306686721123e-03
9.50461377517148e-04
6.18638867575520e-05
8.10762665455241e-05
1.00912033993846e-04
1.01629773079541e-04
1.87627218630013e-04
3.00581245942419e-04
2.70577083069087e-04
2.13197090339208e-04
2.30865715013379e-04
2.58366113409486e-04
2.58285120091419e-04
-1.12582656691141e-04
-1.95053676176546e-04
-1.99282111697459e-04
-1.71756137348869e-04
-1.56764021171379e-04
-1.43630544990541e-04
-1.30921086726506e-04
-1.45142857039076e-04
-1.57563324879336e-04
3.17905549387005e-04
4.92566298915112e-04
4.83644727805304e-04
4.85818086350226e-04
-0.00000000000000e+00
2.49716557210950e-05
4.20373312673545e-05
3.61319300845741e-05
-1.54473068383508e-04
1.18099263496698e-04
8.57771261763223e-05
4.96672806749710e-05
1.59608255857114e-04
-2.41539476535685e-04
-2.66682983865147e-04
3.20409358734533e-05
2.90613855076022e-04
-2.17362696150066e-04
-1.05441553668366e-03
3.69782208068271e-04
8.40249177298316e-04
7.26527497197948e-04
5.53856668791478e-04
-9.23923557254958e-05
-2.33676893564551e-04
-4.07824996528466e-04
-4.35365963835682e-04
-4.71667073846696e-04
-9.97369165272737e-04
-1.25310933874027e-03
-1.33707783254748e-03
-8.17107654477835e-05
4.32315032557398e-05
5.45065987685150e-05
-3.62610254319043e-04
-1.02963585487053e-03
-5.56197129150936e-04
-1.07012023523620e-04
1.81912485060904e-04
9.27784778934754e-04
1.22274839417805e-03
1.34139953761144e-03
1.36349586600531e-03
8.57691705988110e-05
4.93696748105065e-04
-5.55454659016960e-05
-6.36981164499842e-05
-7.23380392844628e-05
-8.72968350884670e-05
-9.25071447520082e-05
-6.13664787534069e-05
-3.21615986404927e-05
7.42308691225716e-05
1.61524707189169e-04
1.71165630538629e-04
1.79760724177790e-04
2.07166103185740e-04
2.21641739290686e-04
2.24945203048116e-04
2.29513217708931e-04
2.27389457141399e-04
-2.43330051522084e-04
-2.73849896284512e-04
-2.10071172255943e-04
-1.82839759505510e-04
-3.91877577217275e-04
-2.77826177893770e-04
-2.06375232301173e-04
6.44988243239207e-04
6.96675473670563e-04
1.16703488771700e-04
2.27772309662313e-04
-2.12664499771384e-04
-3.77239469477792e-05
2.07433470150306e-04
2.66170172296761e-04
3.63302995976819e-04
7.04739778810723e-04
-8.80788913348021e-04
-1.04439470328931e-03
-6.26279224994900e-04
-1.01011848556522e-03
-3.84701666765915e-04
-6.29704015357984e-04
-7.33598553331462e-04
-3.59252185251779e-04
7.84884530837210e-04
6.51339972664393e-04
-1.55843054983586e-04
3.68900662244836e-04
6.63414040703577e-04
6.60149703803081e-04
1.77270603478080e-06
-3.03378410965418e-06
7.74502403180131e-07
3.72709714419220e-06
6.73269392947980e-05
-1.94541087544634e-04
-1.99504958539652e-04
-1.92974579667098e-04
-1.73410339325740e-04
1.46335535039840e-04
-0.00000000000000e+00
1.10990916354792e-04
8.95570390308737e-05
8.18799839675225e-05
7.42131912507203e-05
6.43787806304132e-05
1.91110245193437e-04
2.13817590565243e-04
2.41033713293866e-04
2.21688987539652e-04
1.72924057596869e-04
1.11129749805081e-04
1.94020468543307e-05
-5.22648544450908e-06
-1.44664791014538e-04
-2.85309528930049e-04
-2.85434682452596e-04
-2.57978359297656e-04
-1.68505385035790e-04
4.25624259182562e-06
-5.20890306295438e-05
-6.91040902230394e-05
-2.01582800893860e-05
1.42446691406349e-05
1.52228574308665e-04
1.62160988168173e-04
5.38205736026589e-05
-9.80743635312639e-05
-9.40927513177653e-05
-1.45673751509399e-04
-1.82401508970085e-04
-1.58649050942050e-04
-1.53486915524773e-04
-1.22612416978094e-04
-1.10268801821806e-04
-1.03884085043033e-04
-1.70522276657193e-04
-1.39630368480841e-04
-2.37262839701193e-05
3.92150501822565e-06
1.95874553417940e-05
-1.31082956675661e-05
4.26133893074702e-05
5.68765293028052e-05
6.49992794414012e-05
6.17101668037360e-05
5.16059940758863e-05
9.69890522104562e-05
1.15961269923522e-04
1.42782946866147e-04
2.87707919355848e-04
3.70844235752803e-05
3.73644925610323e-05
9.74569813438809e-06
-2.42196652454317e-05
-4.30779440730705e-05
-3.76167026875584e-05
1.43808684754792e-04
-1.07701822149026e-04
-5.25139800103237e-05
-2.66310901438790e-05
7.67738843882693e-05
-4.88149861899020e-05
-2.23741248619832e-04
-1.96472662829996e-04
-1.88911028339667e-06
-5.03811714971184e-06
2.23781441781450e-04
0.00000000000000e+00
-4.19873866275578e-05
-1.36666872892478e-05
3.49891643226510e-05
2.96833677852738e-05
8.99093976446377e-05
1.35278827966328e-04
9.73670934736898e-05
6.77637985605252e-06
1.19088441254945e-05
2.39301179944846e-05
4.54467881896540e-05
-1.42777368906796e-04
-1.75891354740123e-04
-8.42540166151752e-05
-6.77806514597824e-05
-3.81688026459739e-05
3.89325609092247e-05
2.78132826076373e-06
-1.99934483977895e-05
-1.48535011851110e-04
-1.53515154173027e-04
6.61549011139317e-06
2.06653212036060e-05
-4.38997124677330e-05
-5.25768751753882e-05
3.28766960505198e-05
5.90226852560074e-05
6.21795342904421e-05
1.26664060525008e-04
9.18637985989083e-05
2.09179794792502e-04
2.52513334123958e-04
2.52893754940459e-04
2.14273928634769e-04
4.32817839027583e-05
3.69786333427112e-05
3.90837407442318e-05
3.58647034757714e-05
1.42313727028140e-05
-1.89015910075565e-05
-6.12494890138398e-05
-8.85484981640651e-05
-4.31990231301023e-05
-9.56983214075513e-05
-1.24016832877083e-04
-1.34332971168549e-04
-1.55674088620444e-04
-1.84722722279051e-04
-1.91125351621927e-04
-1.78774292591013e-04
-1.68838503347749e-04
-1.56957787363779e-04
-5.63287645051629e-05
-2.67239981604736e-05
1.69980209916509e-04
7.56504633465491e-04
7.56559086675878e-04
7.33079948922136e-04
1.41920431917511e-04
1.20254598075799e-04
9.75663145526059e-06
3.96814090485427e-05
2.53256225663867e-05
-1.90849513047163e-05
-4.64293374549924e-05
-7.54444602892570e-05
-9.19681477569508e-05
-1.20277285735262e-04
-1.27141350184433e-04
-6.78044272301710e-06
-3.26909245006135e-05
-7.46559588228313e-05
-8.36932289313405e-05
-9.05518801834665e-05
-9.28202273725250e-05
-8.77401199873688e-05
-1.05177308639275e-04
-8.88927970431587e-05
-8.06244595301185e-05
-4.53185541816343e-05
-1.50304685923237e-05
-2.10710919641320e-05
-7.57387565708761e-04
-8.46094967991625e-05
-6.90143283283443e-05
-4.73910082291164e-05
-1.80816668186822e-05
-2.94327955699861e-06
1.24056524761206e-05
5.91643164362858e-05
6.21947605625564e-05
4.10825545917328e-05
4.21459687081920e-05
2.56277640530346e-05
4.99592347400118e-06
9.86128274404990e-06
-3.65511265843827e-06
-1.42580786612980e-05
-1.99605354611795e-05
8.02120543746060e-05
9.98810485775439e-05
9.22246276618068e-05
1.06771910890710e-04
2.37077936071172e-05
-8.65278289347258e-06
-1.09808281960867e-05
-1.57091833817796e-06
4.11536097542229e-06
-3.66315975080965e-05
-2.40825173100249e-05
2.86936385093059e-05
5.84226345441456e-05
1.04732929388726e-04
1.02512984220174e-04
1.39202384815279e-04
-2.27881285420407e-04
-1.73082181867361e-04
-1.60386054232077e-04
-5.62845994145373e-05
7.49741120054286e-06
-4.68339988849302e-04
0.00000000000000e+00
-5.12291040927423e-05
-5.36850208247101e-05
-4.82086242097165e-05
-4.25205431659368e-05
-3.17362987270906e-05
-2.73583869793073e-05
-2.61749341921540e-05
3.37176749584261e-05
5.36815632109817e-05
6.89523757783130e-05
1.30234659554169e-04
1.31520290949798e-04
5.17107899631618e-04
4.65041147906369e-04
0.00000000000000e+00
9.41305848335332e-05
1.04852057373660e-04
9.21498416121315e-05
8.49105009384945e-05
1.01558292145032e-04
8.42902386460159e-05
4.73659848344754e-05
1.10719574981862e-05
-6.32780628306090e-05
-1.95114650372528e-04
-1.84851200158989e-04
-1.19096933703832e-04
-1.01454356180810e-04
-1.92074420468298e-05
-2.65920868919341e-05
-5.73942960162062e-05
-6.42334603491764e-06
-5.45747313140178e-05
-3.52718929237263e-04
-1.41860597040236e-04
-1.06431999117930e-04
-9.01487860272976e-05
-3.89868922562195e-05
1.07331840185063e-04
4.61727053599818e-04
4.47824076567110e-04
4.17285579267581e-04
2.71958541457876e-04
2.08926823128623e-04
0.00000000000000e+00
5.28251900878224e-06
2.72163093092655e-05
3.74775679410380e-05
5.61261960047939e-05
-4.89539284657966e-05
-2.90518046345438e-05
-1.93296900526918e-04
-9.20549553835574e-05
7.50830599221639e-05
7.86098061749487e-06
9.17883551690396e-05
6.81130480129424e-05
3.59516867133798e-05
7.79647280160101e-05
1.16227343365505e-04
7.27343840156011e-05
-2.96846454762583e-05
-1.78087242047996e-05
-2.08249511328360e-05
4.22307467578097e-05
3.05082807174664e-05
1.00876718730173e-05
-2.13065983519029e-05
-6.76894961062988e-05
-6.19258691566159e-05
-5.58798495683302e-05
-4.00830125067733e-05
-4.17718521936279e-05
-3.25934235790265e-05
-2.16514919862747e-05
-1.14903954673154e-04
-1.47932429075324e-04
-1.73914866759556e-04
-1.54547879069521e-04
-1.77323121375401e-04
-8.54171597359523e-05
-5.47273238500381e-05
-6.43740298448406e-05
-1.48290938621664e-04
-1.67065944260191e-04
-2.02296135457273e-04
-1.88071943140016e-04
-1.16457306577482e-04
-8.92084782348241e-05
5.56293534898455e-04
0.00000000000000e+00
2.68499382074479e-05
2.33440757432341e-05
1.72453669038617e-05
1.03039581687624e-05
1.90449458969004e-05
5.61854551634109e-05
3.32236595846819e-05
0.00000000000000e+00
2.91784474641703e-05
7.11612109023038e-05
-7.22205782010958e-05
-3.46578090145327e-05
1.55364480824017e-05
2.73467641554575e-05
5.55834360481451e-05
1.57136171653046e-04
1.89212665259138e-04
1.94787160042447e-04
1.90840750106535e-04
1.82619814417427e-04
-5.10250493197838e-04
-9.51992522829727e-05
5.92179480847060e-05
3.82045036491308e-05
7.92260858953279e-05
2.23092297198177e-04
6.11505718838571e-05
3.31371413050189e-06
-1.92229259494759e-04
-2.75505465197103e-04
-9.73608884838868e-04
-1.16149641140331e-03
5.47303274512728e-05
8.27695561934020e-05
9.66221902807255e-05
1.06342155380283e-04
1.39913830471921e-04
1.37669175662214e-04
8.31955107657526e-05
9.94599740317555e-05
4.32493013098588e-05
3.33237341266259e-05
3.05098854416119e-05
3.04447917042021e-08
4.52259842645966e-06
-6.29918047785691e-05
-6.76992144336686e-05
-6.51982389179774e-05
-6.11200665232895e-05
-2.86547026474783e-06
3.02295549018973e-06
4.73832611715285e-06
1.20333393329490e-04
4.83734186504943e-05
5.13557158034218e-06
1.05717371902732e-05
7.64182936612682e-05
1.58396185128550e-04
1.04166451158569e-04
1.02353800962124e-04
4.71588023122536e-05
4.17526637043259e-05
6.03856423605324e-06
-3.05411174374501e-04
-6.94929654417964e-04
-7.54789081639903e-04
-3.08755640809472e-04
2.20207931794324e-05
4.33438064673964e-05
4.17885486999191e-05
3.28617261438609e-05
1.07569224618814e-04
8.57681869111220e-05
4.64389525322847e-05
-2.66290913834768e-05
-5.74304634649221e-05
-1.02826645341066e-04
-8.89344531943944e-05
1.77411322436607e-04
2.44636008947842e-04
2.21664596501846e-04
3.29755772600701e-05
-8.14012444167379e-05
-3.37035491710401e-04
-1.99530650840470e-04
-1.40635661535853e-04
-1.04703503491572e-04
-1.27547607926846e-04
8.01762429372852e-05
9.51193217017341e-05
1.06294998867506e-04
-9.78561560850201e-05
-6.89455972299150e-05
1.86118180384186e-05
-3.68103670046932e-06
1.95170692548030e-04
2.11802423342287e-04
2.41918208729038e-04
2.58812552594022e-04
2.76199103160373e-04
8.80874075794640e-05
-3.43483031607768e-04
-6.51802675931269e-04
-6.91651517371175e-04
-7.94829674160148e-04
-2.00385219413031e-03
-2.21297612007246e-04
-6.01665644340143e-04
-3.91523874381113e-04
-3.84434061952454e-04
0.00000000000000e+00
7.66836342901504e-05
6.14234804882262e-05
3.01035294320230e-05
2.47511009048399e-05
2.62197622989735e-05
2.87623864552644e-05
5.87351164105510e-05
-5.76876290751070e-05
-4.56359446416258e-05
2.53482654885842e-05
1.47493838686651e-06
-2.30405718078949e-05
-4.22513418767253e-05
-2.14163097169092e-05
-3.42076768588236e-06
-1.37737693028024e-05
-3.46399780514925e-05
-7.45112601222998e-05
-1.70116638620850e-04
1.24653637713865e-04
3.09978470892748e-04
1.21089070971004e-04
1.06940816031889e-04
-5.78868539395770e-05
-5.55957327368850e-05
-6.16171335615000e-05
-7.44488766238369e-05
-7.29271941076871e-05
-6.82887755568931e-05
0.00000000000000e+00
-6.62483039133152e-06
1.33939291165046e-04
1.65344770487841e-04
6.63343991663930e-05
-1.18641752163375e-04
-1.32079601820090e-04
-1.23912211062398e-04
0.00000000000000e+00
-2.14955251477400e-04
-2.16294515718797e-04
-1.87486837299360e-04
3.87174010274383e-05
3.10081609544318e-05
-8.62909311442164e-07
-6.63521475850055e-06
-1.23271805909807e-06
-1.36787087936123e-05
5.53903143674746e-05
-1.47335427524383e-05
-2.38996463168812e-05
-1.67420363944818e-05
-3.25389008861869e-05
-6.59143358110084e-06
3.68064610628491e-05
3.30395086268024e-05
-6.89399064417044e-06
-2.99891517851680e-05
-7.62879260642338e-05
1.32433380367331e-05
6.12727055502665e-05
1.59477449534935e-04
4.32495698302078e-05
5.74839466785056e-05
7.48355553238846e-05
1.17166936329283e-04
3.74044959115871e-04
4.33572200542040e-04
2.47926656452273e-04
2.08245916055925e-04
3.23520832171872e-05
-1.22104871405548e-05
-2.72894255184292e-05
-5.40188303328661e-05
-9.12099870822976e-05
1.36175928171442e-04
8.49908578360010e-05
9.53071241832043e-05
6.28952634404888e-05
-1.94643059737615e-06
-7.93256962775585e-05
-2.88712821845703e-05
3.25407734775825e-06
-1.38558077022620e-04
-1.50366295124733e-04
-1.88748314417581e-04
-1.93499457223132e-04
-2.01961417186370e-04
6.36151523676817e-04
6.41954994948714e-04
-1.21475423012818e-04
-2.99825402800839e-04
-4.27299048441162e-04
-2.07943273243406e-04
-4.82872436830836e-05
-9.66548570111944e-05
-1.75160919559508e-04
-1.89250581537033e-04
-7.14045594569847e-04
-7.45369008295247e-04
-8.56200881058370e-04
-8.35485178195136e-04
-7.81849283883071e-04
9.20338751936731e-05
8.87689627317460e-05
9.15029179653959e-05
1.54358783404112e-04
1.77653997756517e-04
1.97513913120582e-04
2.34776539278539e-04
2.06577941169399e-04
6.22047313126000e-05
4.27443067894786e-05
2.84528240975801e-05
3.83070474970450e-05
3.68891647619294e-05
2.87699250413066e-05
-1.54126375849052e-05
2.88559622895382e-05
4.11582626838301e-05
8.72433741286192e-05
-5.04347566545818e-05
-1.07849791290016e-04
0.00000000000000e+00
-1.56389930913805e-04
-1.46593275848624e-04
-9.65790250480307e-05
2.02474345296601e-06
2.18265211378483e-05
7.42505310601028e-06
1.16472399109481e-05
1.74793190616974e-06
1.72286376337824e-05
-8.63946047078681e-05
-1.03123915823591e-04
-2.73090328133635e-05
1.67237704918508e-05
2.39543633549819e-05
5.71672790658118e-05
5.39370528004056e-05
3.75592171154018e-05
-1.06716615315950e-05
-8.97468730607230e-05
-9.15977030120389e-05
-5.81039176768391e-05
-1.26768083847238e-04
-5.90236675407437e-05
-3.15121923839232e-06
