0.000943751586196449
7.53433350444337e-05
2.19452772797892e-05
-0.000167393170266687
-0.000217521314030188
-0.000190757574664539
6.23181970763472e-05
-0.00021063704355174
-0.000172585920934447
-0.000238482334735609
9.31079957203040e-04
3.88259367529804e-04
-2.36811502735484e-04
-2.35484679287861e-04
9.00562337076433e-05
-7.05968822378922e-06
1.29141517083260e-04
-1.27413007645073e-04
6.71166222008496e-05
-2.98787888706890e-04
-2.60714119551168e-04
-3.18529595455575e-04
-2.87642624476115e-04
-1.90270868614981e-04
-3.53092311934889e-05
-5.82406754824873e-05
2.14309663139474e-04
1.62807722065528e-05
2.58763686631502e-05
-6.24062999550384e-06
1.76777772486858e-05
1.43975899640077e-04
1.26451534931617e-03
1.36724893452910e-03
1.61040140449287e-04
-5.80154667424635e-04
-1.22173050948763e-03
-1.63580514688787e-03
-1.10191470788945e-03
8.89864205125215e-04
1.16589999492768e-03
9.18805404967731e-04
-1.45231167252437e-04
-1.65188233247355e-04
-1.00175995516067e-04
-1.26366896279884e-04
-1.81149367572205e-04
-2.91782528334808e-04
-2.32658067783003e-04
-3.34014704399271e-04
-3.23742232218877e-04
-3.43089458603613e-04
-3.69805181676145e-04
-7.46434160888060e-04
-6.77690983239901e-04
-9.62040137192160e-04
7.15295729805538e-04
1.47443068590484e-04
-2.15820061548146e-04
-7.21286667563778e-04
-5.59636399378903e-04
4.12572085900701e-04
1.23108735927949e-04
-6.81368892746241e-04
-6.37340728316916e-04
-1.02988603156195e-04
-8.71287203903071e-05
3.02718647687166e-05
3.97791170072771e-04
1.38405729616337e-03
8.58216069301430e-04
-2.60760868675447e-04
-1.15164329818710e-03
1.57398169045145e-04
-1.42626877505619e-03
-9.07134872688332e-04
-1.49061187114396e-03
-5.45720531748788e-04
-8.78659419202214e-05
-5.58575851168688e-05
-8.77257303468710e-05
-1.32138564520244e-04
-5.57677358399773e-05
-7.39279220385931e-05
-2.73310683416123e-06
8.51705980187835e-06
8.72360087830725e-05
1.06027246937499e-04
1.14498961680694e-04
1.06827640497978e-04
9.88028154928079e-05
-2.63954951644697e-06
-9.32591039394028e-05
-1.33176336527735e-04
-4.95491871138248e-05
-7.72859226030529e-05
-8.56350969686279e-05
-1.17883893619468e-04
-2.19693255254028e-04
-2.31170602514269e-04
-2.00831924955433e-04
1.41599450829342e-04
3.91022364553871e-04
3.13715624004279e-04
3.33205758437857e-04
3.66180246692015e-04
4.03811559392528e-04
3.93088450634381e-04
2.75812844475400e-04
-9.06286307058588e-05
-3.01821203637645e-04
-2.86191329764365e-04
-3.26739247980571e-04
5.66099767886864e-06
3.49876842823171e-04
-3.01380470649614e-04
-6.24054288252935e-04
3.07168807905646e-05
1.43649956510653e-03
1.69309817071204e-03
2.71661196364865e-04
-2.02174455850526e-03
-2.57427095765252e-04
-3.20441739601254e-04
-1.85610540330018e-04
-4.51998604650506e-04
-3.59759607824058e-04
-1.76958535361839e-04
3.56006920976026e-04
-2.75869503817142e-04
2.45705427654375e-04
5.15097779241487e-04
5.61539105086317e-04
5.93284137437157e-04
4.11877711181549e-04
3.29367181421855e-04
3.54406140773078e-04
3.74872688633256e-04
1.15013434357419e-04
1.33426588192472e-04
-1.69641995607900e-04
-6.39870826002550e-05
-6.80819410274649e-05
-9.99961043707143e-05
-5.02991495424439e-04
-1.78873214824842e-04
1.27741759459613e-04
1.91817514561629e-04
-2.15901552321870e-04
-2.10529048506107e-04
3.11757936657006e-04
4.37572106221357e-04
5.42514558245663e-04
6.29544666309602e-04
3.48782160937993e-04
2.52097944645719e-04
-4.60341901913305e-04
-1.98050726298491e-04
-2.52494629532466e-04
-2.64452766057693e-04
-1.44117678190883e-04
-7.22223598787243e-05
1.14930820665025e-04
2.58984975796849e-04
-1.67681287690920e-04
-9.13930902955934e-04
-9.72817892417457e-04
-8.42142724226777e-05
1.80977176836256e-04
1.95026994721360e-04
2.64987067998273e-04
2.55419053934517e-04
5.59183389524888e-05
-4.85546316919429e-05
6.66512696751040e-05
8.43942612062969e-06
-1.50462354463828e-04
0.00000000000000e+00
8.99413291794043e-05
1.19627806819035e-03
1.04424924139449e-03
-3.38743804903697e-04
-1.29050270719254e-04
-1.36892099590299e-04
-2.78540655887993e-04
-2.38585666244827e-04
-1.88573337538097e-04
-1.26097808593574e-04
-4.49914125942017e-05
4.70524378486401e-05
8.83347779417578e-05
-2.17783625079018e-04
-1.10244397165682e-04
-8.37123464384822e-05
-8.90889924968983e-05
-2.89870060506122e-04
7.50785389729328e-04
9.72759447806041e-04
8.58789599305065e-04
-3.65222360552686e-04
-3.38335638298718e-04
-2.89647595037327e-04
-2.63281495449296e-04
-2.75075898093578e-04
-1.42636042638981e-05
-4.83388169697918e-05
-1.06194253605221e-04
-1.47302893481814e-04
-1.32048648554712e-04
-9.47146125290668e-05
6.56840603125994e-04
-3.01956769538042e-04
-2.85459933270741e-04
-2.59677615450274e-04
-2.14326663614864e-04
6.22114040831863e-05
2.46431289039183e-04
3.06790540513010e-04
-1.41992305597803e-03
-7.94867837962476e-04
-3.58189613459780e-03
-3.65996326706143e-03
-2.55055024781991e-03
1.92104079860357e-05
3.62598151274088e-04
3.35327067877335e-04
-3.11677444568055e-04
-6.63421261883618e-04
-1.10761545451393e-03
7.91613026326097e-04
1.85434766585378e-05
5.50235412833652e-05
-1.18448429666927e-04
-1.42335681112554e-04
-4.41707618813254e-05
-3.13069391602117e-04
-3.39538738014225e-04
-4.23542830989591e-06
-3.41713957056121e-04
-2.80635722065275e-04
-3.31125185864721e-05
-5.01374560279211e-04
-6.11712691401635e-04
1.48687811564573e-04
2.01715178062500e-03
-3.50374901966789e-05
1.22393343232618e-04
1.11594482612662e-04
1.67257946142552e-05
2.05339081628306e-03
1.59633760984663e-04
-5.88510639665493e-04
1.40560588814521e-03
3.82350467176862e-04
-1.39875581174126e-04
-1.40494448857637e-03
-1.51140889421329e-03
-1.56300968119317e-03
1.62891951590794e-03
2.45914031226390e-03
1.11801497989977e-03
1.28515592760686e-03
3.14682213369238e-03
4.71407393310382e-03
5.22445622970005e-03
3.15252712949838e-03
2.30746493900188e-03
3.81998034496861e-04
0.00000000000000e+00
3.78676838527343e-04
-1.31981985699137e-04
-2.69535356294571e-04
-4.08357301643751e-04
-4.64581429772546e-04
-5.28102395068398e-04
-5.40943297720014e-04
-6.34893746145418e-04
-1.16353092211768e-03
-2.97042491138395e-04
-3.98525350665971e-04
-6.32380676788627e-04
5.51468811711933e-04
-1.28828594423564e-04
-1.01444627220025e-03
-1.06521197113845e-03
-7.45397202544878e-04
-2.08653897604159e-04
-3.23885370557601e-04
-2.11140508926015e-04
-6.99417484623537e-05
6.70074377414159e-06
2.66863132851475e-05
-1.35585402070599e-04
5.04921608687736e-04
1.65903372400069e-03
2.33826929453526e-03
1.99538418852853e-03
-9.56225967702851e-05
-8.66325148256554e-05
2.65521558406225e-05
4.39982491676832e-06
1.95033769907509e-05
1.52859963033646e-06
0.00000000000000e+00
1.83711345446949e-03
1.67983084907437e-03
-1.39225174972546e-03
-1.17342652220258e-03
-6.74921179680944e-04
1.72011536762286e-04
1.43383248452597e-04
1.57383286133661e-04
1.48782813814934e-04
1.31079889361013e-04
-0.00000000000000e+00
1.26750112274452e-03
1.00452574939467e-03
-5.64120205226148e-04
-2.49601632497121e-04
6.90445896887933e-04
6.87903612463946e-04
5.66973017142666e-04
2.12309407757858e-04
4.57814817032761e-05
6.60214490886427e-06
-5.14148512361058e-06
6.85250466846194e-04
5.51497606631016e-04
-1.00881825128025e-04
-1.44543594194123e-04
-2.20551285131535e-04
-4.20549543647797e-04
-1.00333245916219e-04
-1.35148456378135e-04
-4.79543063399549e-05
3.04272646376974e-05
-5.20975465778925e-05
-2.14678346694708e-04
-4.22027215253008e-04
-7.24187120217433e-04
-7.85215556898888e-04
3.32657916562466e-04
5.39649889067025e-05
1.48634732498183e-04
2.14249779086280e-04
9.92529622948615e-04
3.71435512590680e-04
-7.29360476234379e-04
8.57438543232370e-04
3.16761953887286e-04
6.49799630330300e-04
7.40580000455865e-04
4.79588867489910e-04
2.30333199455158e-04
-4.45467023435212e-05
-2.48595701594407e-04
-2.26861613440554e-04
-2.37231531404067e-04
-3.49170785461161e-05
-9.74511628748609e-05
-1.06635277851115e-04
-1.10166212208600e-04
0.00000000000000e+00
-2.79270486154015e-04
-1.68830356956548e-04
3.61566727435000e-05
-1.41168870104434e-04
-3.13390951190661e-04
-3.17630347123951e-04
-3.82025719426209e-04
-1.67591484803392e-03
-1.91564239376146e-04
-2.69396672706261e-04
-3.13149017778858e-04
-1.33476889907973e-04
-2.17354216388227e-04
-2.60601916665158e-03
4.97018479099142e-03
5.43824500493083e-04
1.86788771483670e-04
2.15273226654300e-04
3.23292300565699e-03
2.85656912677634e-03
2.27154838043938e-03
-2.54804992863222e-04
-1.04028821925654e-03
-1.16340728833178e-03
-1.99245071914394e-04
-2.04876692025418e-04
7.23514903857475e-04
7.71737148466190e-04
7.81604005674302e-05
-4.69844904046322e-04
-6.35996066685883e-04
-3.54527667444654e-04
5.37092028709101e-05
1.30988502750093e-04
3.51991990481376e-04
5.29709286280237e-04
8.08024956814593e-04
1.15601868373675e-03
-2.35251427179338e-04
-1.25653402916714e-04
1.64434274029644e-04
1.67043806655024e-04
1.69406626080604e-04
2.02787660142109e-04
2.39671831310857e-04
4.79091802036069e-04
4.41318230599928e-04
2.90623121676744e-04
5.80142132548354e-05
-9.90607665993945e-06
-8.08483369016957e-05
-2.76629840895063e-04
-4.48895872154044e-04
-7.58891146891075e-04
-8.56208505720411e-04
-1.32553152610011e-04
2.92593131667384e-04
4.87318393923342e-04
5.77007268947075e-04
2.38555576980741e-04
-2.17458652118139e-04
3.51099561625674e-04
5.69951841817821e-04
3.60402810380089e-04
2.39103756169542e-06
9.97656582103405e-04
1.05384559602619e-03
-1.89393522413764e-03
-1.81751221659088e-03
5.20529262375139e-04
4.49616213523874e-04
8.48322880469277e-04
3.04837928014081e-03
1.45713824093262e-03
7.41905349000867e-04
-2.78222058211212e-04
-4.67109452103806e-04
-3.11326612246112e-04
6.87907800121153e-04
8.43689299227548e-04
-1.53444866131884e-03
-1.28719411104634e-03
-1.47559128845931e-03
4.90689543010846e-05
-9.19024702653518e-04
-1.06846288962888e-03
-1.24271285972153e-03
1.09551073488052e-04
-6.72552090857928e-04
-5.54890939101073e-04
5.75204415836874e-05
3.18696849127670e-04
-2.34448721673409e-04
-2.14580957065988e-04
1.38417144210530e-05
-1.15775078660902e-05
-6.81143396850783e-04
0.00000000000000e+00
1.96673901476140e-04
2.46521036033551e-04
2.57074965155524e-04
2.45756173791494e-04
2.46335803374790e-04
3.28499322480455e-04
3.59823844974052e-04
7.12251357815882e-04
1.05896756583295e-03
1.16976684665751e-03
1.23374901795501e-04
4.92786970261119e-04
5.05294885244718e-04
-2.81764861199572e-05
-8.27265372499935e-04
-1.20309304193846e-03
-5.65313637495517e-05
-5.79745435518809e-04
1.26904307913965e-03
-1.85568249572364e-05
2.94399459009050e-05
-9.22108857864372e-04
-9.74396333183532e-04
1.94214685688311e-04
-3.87778734452180e-04
-5.93244601087295e-04
-5.77543393650033e-05
9.41455882369022e-04
1.34187126684843e-03
3.03773067944207e-04
-9.20771596108459e-04
-8.79559503343034e-04
-6.41848401694926e-04
-5.95897577854828e-04
-4.18894166601110e-04
-1.86216849868791e-04
-2.49729123242459e-04
-1.82548930451475e-04
-5.12096082479033e-05
-6.85280953641824e-05
-9.32242387454417e-05
-1.20945005848846e-05
-3.08091609784753e-04
-5.69993155116392e-04
-5.63986981168612e-04
6.50742604483155e-04
-3.29633118837877e-05
-2.40433216188996e-04
-4.48429982381995e-04
-9.43139167329910e-04
-5.53666174623907e-04
-5.09472636781745e-04
-1.89647649091280e-04
2.68456923325329e-04
5.67972666432579e-04
9.85200721522607e-04
2.25632212022606e-04
-4.12857750019883e-04
-7.11741266645754e-04
-7.68673939717202e-04
-2.85028003703366e-04
-3.04061590543658e-04
-2.32402876732282e-04
-2.56464999388430e-04
1.10667827668521e-05
1.74242387180558e-04
3.71406978717592e-04
0.00000000000000e+00
1.23752624207451e-03
5.68827456347567e-04
-9.38221522266585e-04
-4.88380342486165e-04
1.15632045000606e-03
-1.29848404848261e-04
8.53192438063813e-05
-2.30266213400353e-05
-3.20803791446463e-05
-8.67695413935410e-06
8.22567156225929e-06
-4.03036646661904e-04
-2.72758313328800e-04
4.80262662970122e-04
2.53587535460677e-04
2.52661518860109e-04
-1.05188301594112e-03
-2.90738927517566e-04
2.19751038530374e-05
1.72833298541299e-04
1.14143559106611e-04
-1.08447907087928e-04
-2.15666693795982e-04
-2.15957602092668e-04
-1.99480177734920e-04
-2.81578981549726e-05
4.22114719264319e-06
-2.43886046839725e-04
-3.39111589190305e-04
-5.67884040349208e-04
-4.95174975884348e-05
1.67119056126653e-04
6.40656772691728e-04
6.36025120050661e-04
1.06152887341549e-03
1.12518485556128e-03
1.23104432766597e-03
1.24819368227803e-03
2.51150463228471e-04
1.77764260832755e-04
6.03105010493160e-05
-3.87865932680227e-04
-5.29254293303907e-04
-5.16603891786249e-04
-5.32614794462606e-04
-5.49649282450351e-04
-5.41254748887714e-04
-3.88136828809120e-04
-2.97687325413322e-04
-3.00504200824105e-04
-3.29674217037161e-04
-4.59190253693680e-04
2.08635963330569e-04
8.17968438775208e-05
9.96813519907186e-04
-3.49865224788712e-04
-4.40996397060639e-04
-4.22416037991651e-04
-6.16721113105818e-04
-3.88687992163430e-04
-1.07811391174783e-04
4.27847036695338e-05
1.48368576681094e-05
-3.01872768675958e-05
-2.91910205104445e-05
-2.01114770239860e-05
-2.00271264517009e-05
-3.53572573435598e-05
-6.24916451604640e-05
-3.32672104842938e-05
-4.45152522272079e-05
-9.49640822773507e-05
-1.19254885665099e-04
-1.40950179425574e-04
-1.72485507264921e-04
-9.28720063974393e-05
-8.76450500687185e-05
-1.33075682058274e-04
1.01257018711308e-04
2.16300170949408e-05
-2.94343587981709e-05
-8.25920639523908e-05
-4.48893539321527e-04
1.10523956988377e-04
-7.82874317368411e-05
-5.79756843823902e-05
1.34036261552734e-04
2.36570271126684e-04
3.18150508363514e-04
3.58294804562519e-04
5.79486825822587e-04
5.92641826518170e-05
-1.87459040496611e-04
-1.49506536724581e-04
1.02958772954620e-04
-3.67867750211366e-07
9.77444604245400e-06
1.81617737728715e-06
-2.55479346924295e-04
1.53674527936359e-03
1.10759034149962e-03
-3.79657133440866e-04
1.48647297646800e-04
7.13060167461070e-04
6.40922837994166e-04
-1.69698484007088e-04
-3.95620793492164e-04
-4.65138157467889e-04
-2.17888305914479e-04
-4.23330063384380e-04
2.91981182306293e-05
1.38161225402177e-05
3.03656975284175e-04
1.83334796470860e-04
2.29755139461712e-04
1.27114517391750e-04
2.29463627097044e-04
4.44735561534959e-04
1.02215596777336e-03
1.05568453697963e-03
7.24066166760969e-04
0.00000000000000e+00
4.90220872078165e-05
6.82985392262495e-05
1.06602949413713e-04
1.25319110212225e-04
1.36851101931944e-04
9.07495969098422e-05
5.01512154571343e-05
-2.38012117506934e-04
-2.18327072228610e-04
-1.85899259669426e-04
1.08825788027508e-04
4.94101618822922e-05
-2.47419373739886e-04
-2.03687839901426e-04
-0.00000000000000e+00
2.49996593578047e-04
3.13009317690692e-04
1.82375766320189e-04
2.38601349867495e-04
3.78468736151789e-04
3.46428976388273e-04
2.32931833700449e-04
-7.63802825389187e-05
-2.48225981789127e-04
-4.63936251314572e-05
7.71421445661795e-05
7.75502503120289e-05
3.29801496662275e-04
-6.18983157541025e-04
-9.81940443606768e-04
-1.40084763750854e-04
-1.73861863900116e-04
2.25348001362638e-05
7.84844065212463e-04
1.70612741431296e-03
1.65486200256087e-03
1.53205752129320e-03
1.36824510859581e-03
1.01158037663516e-03
6.07078644077179e-04
4.37063004737751e-04
-3.23938420948118e-04
-3.01001910209142e-05
9.10967542933943e-05
-0.00000000000000e+00
3.17384390998663e-04
1.42206537379071e-03
2.22000795016270e-03
1.68975586586467e-03
1.31699401291384e-04
-1.12109669264217e-03
-8.58803926610913e-04
-7.21493973086268e-04
-4.29657022381848e-04
3.21227981152430e-05
1.23628929037522e-03
-1.56228365514281e-04
-2.27785165923657e-05
6.01617075525467e-05
1.47392486356967e-04
2.65195195639074e-05
8.23638913558207e-05
1.88603709654422e-04
1.61550346540610e-04
1.13616556391375e-05
-2.83037855908081e-04
-5.16046759205953e-04
-3.33309263538308e-04
1.12728656037869e-04
-1.19727965776414e-04
-1.00871780481065e-04
1.12182640069406e-05
4.98316868969089e-05
1.70571393506396e-04
1.88051159505350e-04
-6.69707896603844e-05
-4.23060773709135e-05
5.48490452659916e-05
-1.28859938481475e-03
-6.25682398885638e-04
6.55613883730704e-04
-4.39562717704674e-04
-3.91626055239151e-04
-7.74905308772173e-04
-8.31141429632704e-04
7.74557302807716e-04
1.26427078462990e-03
5.21206353016808e-04
4.39716152072912e-04
3.21317690448486e-04
-0.00000000000000e+00
-4.68827039505216e-04
-2.32816707058157e-04
1.19013699821591e-04
3.78746044876070e-04
-7.24718871444490e-04
-9.51296208503989e-04
3.20453619177580e-04
-0.00000000000000e+00
-1.29021857202595e-03
4.48121912899245e-04
3.52503628854580e-04
7.15273616679481e-05
8.94561871562625e-05
9.32452324360221e-05
-5.15604715194711e-05
-4.94438186500215e-05
-7.25334419053244e-04
-8.38352515741828e-04
-9.64490269307394e-04
-1.09846988624939e-03
7.93154284522363e-04
4.06510041965701e-04
-4.13603607813453e-04
3.50049114410329e-04
6.96995197591981e-04
9.43039908411571e-05
-1.84249546827411e-04
3.65075644732419e-05
1.06964152667132e-03
1.16382558489777e-03
9.33723122564534e-04
3.55665745166864e-04
3.70729520066861e-04
2.88997079988370e-04
2.35805026059899e-04
2.56708062395026e-04
3.99625284783537e-04
5.46156983577638e-04
3.74717006625607e-04
4.30776722642482e-04
2.39786730952950e-04
6.11761586729403e-06
-7.93829359459346e-05
-7.74320617492008e-05
5.37375349969492e-04
8.70757880619063e-04
6.59279454157356e-04
5.00989637471485e-04
2.45431194468949e-04
-2.54851174783314e-04
-4.71286827842965e-04
-4.96062303216253e-04
-5.34746104343932e-05
-8.02240293033527e-05
-2.08887534883727e-05
1.78399351067572e-04
7.27618038412747e-04
1.04866770903979e-03
-8.19965843404889e-04
-6.73701261523187e-04
-1.49184469723043e-03
-1.52177105291594e-03
-1.39309187745216e-03
-9.69307601967785e-04
-1.70148043080722e-04
-1.20148177941562e-04
-3.74355183824555e-05
5.11385164429440e-04
4.47500262203446e-04
2.25955013986424e-04
-3.49116749447846e-04
-5.22976470579282e-04
-1.94988873491396e-04
1.09562777392905e-04
6.32355437254577e-04
1.10558700309270e-03
6.98453528064197e-04
5.72245168583431e-04
1.11606462766199e-04
5.19605939673954e-05
3.72929426520365e-05
-3.03050869899239e-04
-4.06770646685149e-04
-1.23244877478065e-03
-1.10501914282089e-03
3.62823706891799e-04
-3.77957423614398e-05
3.61372034628488e-04
-2.78089121480851e-04
-6.38213713793381e-04
-7.51999370759694e-04
-1.40500259514870e-04
-1.11201927777392e-04
4.84542835463646e-04
-4.97008899309743e-04
-2.15669296563896e-04
-1.79155808255032e-04
-2.23776788755087e-04
-3.21543593405893e-04
-1.03981060753476e-03
-1.09827722008092e-03
-1.13657264489925e-03
-1.26000591988861e-03
-8.18440353214069e-04
-3.75090279663113e-04
-4.06473404842215e-04
5.88206946416173e-04
1.81126582915481e-04
3.34413952154434e-04
3.65198602077320e-04
0.00000000000000e+00
-2.57760572229319e-04
-1.75958971337599e-04
-1.77872037537794e-05
-1.43414832925842e-06
2.21844926517477e-05
3.68574944424812e-05
-1.12443523275007e-05
4.34396874016779e-05
5.52020593248415e-05
-7.80468323397431e-05
-3.59691771628168e-04
1.68744661158028e-04
-1.93597768144419e-04
-1.31221849037878e-04
-1.22929077636496e-04
-1.55026879255091e-04
-1.27635989896411e-04
-4.45844841290292e-04
-9.74110059360364e-05
-1.08587667403894e-03
-1.32662983444924e-03
5.71798284674917e-05
-4.19658970124750e-04
3.03107533582879e-04
-5.59828966953646e-04
-2.64736367158811e-04
-3.75944732567044e-04
-3.80747577767254e-04
-3.72757344525360e-04
0.00000000000000e+00
8.89045938234938e-04
5.93270996037727e-04
5.40808166674548e-04
4.41973452023740e-05
2.24556464232666e-04
4.49171634896785e-04
7.63005980658564e-04
-0.00000000000000e+00
3.51759775409036e-04
6.25992076902278e-04
8.29092291441040e-04
8.63637685866386e-04
7.85244342106151e-04
-1.31198968363539e-04
-1.49856198778192e-04
-1.65937097544820e-04
-1.41713108011500e-04
-1.53354553158495e-04
-1.99074781768426e-05
2.91585264399389e-05
2.19466479333362e-04
1.48545273496183e-04
9.55594323108288e-05
2.49877093000266e-05
3.01043158355064e-05
4.91474472909903e-05
4.70511956426886e-05
4.23398363969776e-05
-5.64532738909079e-05
3.88942437980078e-05
4.12326248457971e-04
-2.31449534213178e-04
-2.37953459489450e-04
-2.03814495406007e-04
-2.34480585164960e-04
1.54235711754833e-04
3.29071100074960e-04
1.59358312337680e-03
1.85634530463145e-03
1.34642987344007e-03
1.43890443786416e-03
1.65364612126707e-03
3.08205729374143e-03
1.88192035561948e-03
1.16846515181390e-03
3.73306720953061e-05
-6.05778001750612e-04
4.22414942950621e-04
5.60129368814970e-04
3.30387973296773e-04
-5.80203231413636e-04
-8.59017814099072e-04
-3.54852855250838e-04
2.96206136073012e-04
4.27290427537422e-04
1.66431518855732e-04
2.47180879195458e-04
-6.97294314892688e-04
-6.11112242408374e-04
-1.03553971706234e-03
-1.09640817433416e-03
-1.02708888587793e-03
1.60714671133344e-04
2.55493010548757e-04
8.63872128199037e-04
7.40384281643283e-04
4.30912033955302e-04
7.97915432111660e-05
1.73606772011559e-04
2.29743982805250e-04
1.84354955372128e-04
1.18422906857334e-04
-4.35165490935749e-04
-2.95867726185511e-04
-2.89600041476781e-04
-2.88499421714358e-04
-2.70160943591573e-04
-2.02184099338824e-04
-1.84958814689928e-04
-2.64663402867677e-04
-2.17229818355822e-04
2.56696027127210e-04
1.65387489158205e-04
2.68974947226606e-04
3.46769405632976e-04
4.14641918107367e-04
7.28772288928602e-04
-4.94163012574391e-04
-9.56809981574462e-04
-7.91323200262447e-04
-1.61763344205885e-05
-1.17618453320458e-04
-0.00000000000000e+00
-5.83271794024437e-04
-5.73803607002381e-04
-6.68276501037516e-04
-5.81983331989897e-04
4.24524222903416e-04
-5.34280356802282e-04
-1.24730833944721e-03
-1.59122486686205e-03
-4.66162548691064e-04
3.05768325560064e-04
-1.08174250040836e-03
1.24096648754826e-04
-5.58444356988375e-06
-4.69734697414750e-05
-1.97759051699252e-04
-2.80578193388600e-04
-3.22364949477533e-04
-3.68625106885142e-04
-5.62366364541912e-04
-6.18880521400580e-04
5.15808337566698e-04
3.92019834017796e-04
-2.82049078414705e-06
-1.46297262931966e-04
