0.00339875935532713
-0.000366827008515387
0.000216883521151725
8.19799160855571e-05
-7.00040860866751e-05
-0.0011603478832663
-0.00735050746044344
0.00619933060488861
0.000986799214150369
0.00027939047422165
9.65784664054860e-04
2.61782671322302e-03
-6.32432854699661e-04
-1.36400827377724e-03
-1.65720570388666e-04
-8.41467546608155e-05
-1.58463115192229e-03
-5.65802806362389e-03
-2.31382922637951e-03
-9.21581885917347e-04
-8.77488953997635e-04
-1.11820547912281e-03
-1.52283878088280e-03
-1.93165140297144e-03
-5.87048630557624e-03
-1.12971990693641e-03
-1.45418421409114e-04
1.68541877800259e-04
5.89399869619241e-04
5.67680332542226e-04
-4.11160775504094e-04
-1.40323553586634e-03
-3.90051410660464e-03
-4.26361866107268e-03
4.42047235500287e-03
6.32936541182943e-03
5.74520932380242e-03
4.20519665551103e-03
-8.95743370991835e-04
-4.27357473641029e-04
-1.09846815051847e-03
-1.20281058748527e-03
1.99944740570402e-02
1.94032278146148e-03
-1.43921898182945e-03
-1.27856221818216e-03
-4.82802399135752e-04
5.55059164342246e-03
2.07404898223332e-03
9.02599104343796e-04
1.25293527692473e-03
8.57102561148831e-03
1.04743560856903e-02
7.04479759739453e-04
3.12032943885418e-04
-1.02599845001763e-04
1.25333488145324e-05
3.40752190228101e-04
3.50569894086047e-04
-1.58111050188692e-04
-2.80133052249960e-04
-1.02062349827884e-03
-2.66186930303186e-04
-7.96984574513229e-04
-1.24868014304062e-03
5.89203405090018e-03
-3.41207595456096e-03
2.98699565117098e-04
8.04343640079885e-04
-6.00326197497168e-04
-9.83186363924426e-04
-1.06599223349784e-03
-6.84931208269742e-04
-3.83936895062698e-04
-1.45402764708626e-04
-1.30564753764851e-04
-3.21589289904279e-05
1.13742072931736e-02
4.58541051301891e-03
-3.06889558042414e-03
-2.36048984241159e-03
-1.50175803109969e-03
-1.21971270375775e-03
-1.70721700898204e-03
1.17933238049403e-04
1.64114449010955e-04
8.43542918882351e-05
1.01647629211073e-04
1.63260042431078e-03
3.17735761388120e-03
3.91356496841580e-03
3.55406716042146e-03
2.76456674849230e-03
6.62989200753122e-04
-1.35773333756775e-04
1.14330286212581e-04
1.89435889326342e-04
1.02761873766397e-03
4.09025071017912e-04
4.93421769371113e-05
-1.67632255507507e-03
9.13436500947717e-05
-8.09720648765345e-03
-2.81470833278656e-03
-1.92738471731822e-03
4.17631871887893e-04
1.66812742833747e-03
-8.97433468401784e-04
2.21654763313754e-04
5.30460868049110e-04
1.12756706027659e-03
3.28635679135907e-03
3.44629172521234e-03
6.37175041549711e-04
4.48525419015603e-04
-1.32001300953579e-02
-1.67546119144280e-03
-3.11928278336096e-03
-2.89019609044007e-03
-1.89005906835067e-03
-1.15456095490154e-03
1.03705010591642e-03
-7.48295172649172e-04
2.85028136479555e-03
6.78500108132236e-03
5.63703702589438e-05
-3.04958000060541e-04
-1.68708149466999e-03
-1.36203041049161e-03
-8.77754372744389e-04
-5.99618155815494e-04
-7.38551705584837e-04
-8.08336501955948e-04
-8.66104939691494e-04
3.82700328522354e-04
5.62331197047882e-04
3.61493535650215e-03
3.51439577434667e-04
2.25903464973220e-03
4.56556580723666e-03
-5.15993550281758e-04
-9.70126984302380e-04
-1.11086727904586e-03
-1.26123427856180e-03
-4.19113536852217e-03
-1.34116679046800e-02
-6.20969498687249e-03
-3.15298928483957e-03
-1.53956957761681e-03
1.61419929551167e-03
-3.81973616604601e-03
-2.57437467324427e-04
-5.45149715576140e-04
-1.07386245389062e-03
7.12001734081423e-05
3.60503095993880e-04
-2.75961641914952e-05
-3.79455460278437e-04
-1.37112626432157e-04
-2.11132921200338e-04
-5.92695695846165e-04
-1.39536780154239e-03
3.11005782967123e-03
2.25917887921752e-04
-3.39845132564712e-03
-5.01388104773619e-04
-3.12579915458323e-04
-5.74667043993437e-05
2.37306494903097e-03
2.75935033624847e-02
-7.19106602190406e-05
3.97755589542148e-04
2.61045411617555e-04
6.77836286951782e-05
-6.55865697281145e-04
-5.16404274748063e-04
1.83999260587142e-03
-0.00000000000000e+00
4.13511751745463e-04
6.01002072514006e-03
3.36765845087652e-03
8.65487553041269e-04
2.39936517858905e-03
2.13108393480491e-03
6.54462756405724e-04
5.33255172015729e-05
-6.70952151229378e-05
-1.80616743430267e-04
-2.93030859276301e-04
-3.79809112318027e-04
2.28824093952252e-04
1.18973780513963e-03
-5.65766188003398e-04
-8.99795023258828e-04
-2.50748284027393e-04
1.80562885604067e-04
6.05919980101265e-04
1.27814024774209e-03
1.62554903128796e-03
2.91065807145874e-03
8.63342324372211e-03
2.58997098946361e-03
1.81531563218473e-03
2.14772750231286e-03
-2.25444092377023e-04
1.06185325939781e-03
7.89513952650112e-04
1.59320541636710e-04
-6.94538515476635e-05
-6.44504543137200e-05
-1.08474906194631e-03
-1.02697274279020e-02
-7.25822664345332e-03
-4.60408219823881e-03
-3.12154788389928e-03
-1.05005678926053e-03
-6.14015638481421e-04
-6.72517592874799e-04
5.98674872107126e-03
2.10048687246981e-03
-1.18152145586081e-03
-8.56878918014756e-03
-1.07023731317554e-02
-2.53349265537475e-03
-7.98792929085564e-04
-9.82153200931697e-04
1.09599918997696e-03
8.98854539407858e-04
1.43470971058482e-04
-2.31065274264418e-04
-3.48860569992612e-04
1.50446314745101e-05
5.86213419310073e-03
1.04160172192390e-02
1.81827672201121e-03
1.46842531507503e-03
7.54398847566916e-04
6.43079294101079e-04
-2.90272431258650e-04
-2.98843506464947e-03
-8.07173820068034e-04
-1.56130973522312e-03
-1.13881648477473e-03
-2.47179995664093e-03
-4.13278558016713e-04
1.01723260116571e-04
6.96523990967049e-04
-9.75220391753682e-04
-1.10294761419018e-03
-1.34481216009138e-03
-9.07712861264220e-05
-3.40756813647319e-04
-1.01371509127759e-03
-7.51410682551351e-04
2.27379123740122e-04
-2.12481161615481e-03
-6.09846326250393e-03
-2.62760639066643e-02
2.01295863607007e-04
3.64647126420855e-04
6.88504713140928e-04
1.14700172660849e-03
6.81983771518965e-03
1.65259469230640e-02
-1.65997821599136e-03
3.39046690856422e-03
4.47546776134765e-03
-1.30756636610284e-03
-0.00000000000000e+00
-1.11427631417521e-03
3.71585337245741e-04
9.22087682600240e-04
1.40331394525960e-03
1.56071974684026e-03
4.93397874301347e-04
-3.41096880966454e-05
-5.21861990815274e-04
4.03101496708810e-04
-1.54251095738205e-03
-7.05044965890438e-04
5.70494971996810e-04
-3.25601667472129e-04
-1.57237013494125e-03
5.13867897493584e-04
7.73773495246798e-04
1.15463190882163e-03
2.26935006963921e-03
2.83969250758862e-03
3.28646974267450e-03
2.16240804229052e-03
1.97943574992367e-03
2.96996342892800e-03
3.17427945103296e-04
-2.73665525329102e-04
-3.71689350301016e-03
-3.28956726559560e-03
4.02208413944004e-05
-4.53806149646448e-05
1.02228599194928e-05
7.00797029021724e-05
-1.28579485415594e-05
-2.46387357697445e-05
-1.28581333818146e-04
-0.00000000000000e+00
-7.97280026031024e-05
3.71180601828179e-04
2.23922918043072e-03
2.67093792200219e-03
2.35222646156746e-03
-1.38976564098125e-02
-1.87117350859575e-03
-1.24498723744320e-03
-2.65889392800021e-04
-1.60427970752022e-04
0.00000000000000e+00
-1.07981780866307e-03
-2.46409818307121e-03
-2.43315695695171e-03
-1.26973742336876e-03
-1.58364588887434e-04
-3.59485532241040e-04
-1.42509590647234e-04
1.16909906878097e-04
1.52759516007705e-04
8.23015746911319e-05
5.00037576561957e-05
7.88391978009302e-04
3.80890974962884e-04
3.24896184280690e-04
4.32140300251308e-04
7.52946485062868e-04
1.81209930256701e-03
-9.23815167586491e-03
-1.64598643801414e-03
-1.00265027329791e-03
-4.14129062527381e-04
-1.51272958812337e-04
-2.29151507930249e-05
-3.62892110739368e-03
-1.45821996695888e-03
-4.74345357864944e-04
3.09657853882953e-04
8.02743046917167e-04
1.21370614330128e-02
1.37299499836364e-02
4.60162046760951e-04
2.91572520011443e-04
7.44227726047175e-05
-3.52953537396528e-04
1.64634981135633e-03
6.53819001364418e-04
7.11543966342410e-04
6.90269102918355e-04
6.64299001870737e-04
6.70605362580552e-04
1.02790805868876e-03
1.51500355202230e-03
1.87536844272596e-03
3.14542482907384e-02
-1.66157589022588e-03
7.15913719229641e-04
5.44188956660933e-04
-0.00000000000000e+00
-3.57274018642894e-03
-8.21805786921777e-03
-1.46941665847855e-02
2.36155387001758e-04
1.28388584512624e-03
1.26048466477303e-03
1.45764528580820e-03
-1.99142424270944e-03
-1.11619670469667e-03
2.33218902652014e-03
6.16871153610023e-04
-1.09571732985573e-04
-1.67792028111000e-03
-4.47982488209526e-03
-1.22421400088895e-02
-3.68626454128727e-03
-5.47452422071272e-03
-6.83824019879379e-03
1.48452014931243e-03
-1.08314554118371e-03
-8.08650088925957e-05
3.20113676489040e-03
7.43973233272726e-03
4.62954436697055e-03
-8.43520596571177e-06
6.31473377756866e-04
3.67083111798746e-03
1.88971640733807e-02
-1.42817742876388e-03
-8.12208989519347e-03
-6.69555245796899e-04
1.16245822420223e-04
-8.99952106864810e-05
-2.21831767460192e-04
4.11172186675568e-05
5.03175658295324e-04
9.67347385181077e-04
1.47174955270693e-03
-1.77575823588870e-03
1.02009392137481e-03
-1.46370237409022e-03
-1.80487078256680e-03
-2.00299077973776e-03
-1.97052260434432e-03
-1.82628559794535e-03
-1.15881640122084e-03
-9.57168851776453e-04
-3.81008274380117e-04
1.30979906506880e-04
2.74933096911045e-04
3.03604413725991e-04
2.45203073225293e-04
2.42587831186293e-04
3.49764996986257e-04
8.90775698574965e-04
1.24783346391086e-03
-2.31294350377175e-03
-2.17162115774265e-03
-6.17548948231693e-04
-9.20637703362446e-04
-7.66619228846611e-03
-3.33174542673942e-03
1.80340915976322e-03
-6.82764131349717e-04
-1.54972961392183e-04
1.06377853339274e-03
8.88858062703161e-04
1.75774332644349e-03
3.98725580552688e-04
1.17038055266077e-03
2.15300105272747e-03
3.34431891267002e-03
1.61299745102780e-03
6.75109958829291e-03
7.78832220922092e-03
-8.26672495267716e-04
-1.56927648564328e-02
1.99483685418345e-03
2.00322131715659e-03
-3.14724300805130e-03
2.23315876425329e-03
3.31110755954153e-02
-6.66421419104810e-03
-3.17732259629511e-02
-6.62442473632669e-04
-2.27220610984713e-04
-1.51814979811918e-04
8.21677555154854e-05
-5.49885599490921e-04
-2.18388297229032e-03
-4.06178735474297e-03
3.97648350867131e-03
8.02367840368663e-04
9.42830794688387e-04
1.26476581952710e-03
1.37924758036412e-03
3.61035355493965e-02
-0.00000000000000e+00
1.23859895715557e-02
1.77575476361653e-03
9.34987696701304e-04
5.89550943882041e-04
1.70997037215827e-05
-3.55634631964853e-04
-4.92376292213204e-04
-6.64855999199116e-04
-6.87924837411962e-04
-5.97762069108477e-04
-5.19663287841384e-04
3.13157465998445e-05
1.07094284965984e-04
-9.03616473884413e-07
1.83824142547617e-03
4.69065164032910e-03
1.97958426334992e-03
-2.43589808495143e-04
-1.63686189590161e-03
-3.18680785360397e-03
-2.77421723775523e-03
2.30789828195966e-03
1.72207450453494e-03
9.83884418976089e-05
-2.91259295819674e-03
-4.01373241628404e-04
2.64119899163360e-03
2.71643639305401e-03
1.78803197719304e-03
-2.42828232367915e-04
-8.08016577291320e-04
-1.78066866625459e-03
-9.76972965958463e-04
-7.85166954945498e-04
-3.34896295649354e-04
-3.66965022031619e-03
-6.63207440174600e-03
-2.51052772728034e-03
-1.43739850278084e-03
-1.57084235567554e-03
-1.53705002413821e-03
5.46968073118059e-04
8.16344267936633e-04
9.59511797878204e-04
4.79249893893511e-04
-1.90048098680005e-03
-6.70308270998713e-04
-4.40136362895579e-04
-2.88415040494809e-04
9.40635899449636e-04
-7.40640585683153e-04
-9.18682236575175e-04
-9.76564595828558e-04
-1.05802894692970e-03
-1.03601354064194e-03
-1.12778443692073e-05
7.45507964338222e-03
-1.21546445850547e-03
-7.56123325716673e-04
-1.86136733662369e-04
1.10646167341886e-03
2.84400641998693e-03
8.98381875857452e-03
9.67374872326721e-03
5.33009564596801e-04
-1.59156077567153e-04
9.72120871499323e-04
0.00000000000000e+00
1.74451119271525e-03
9.39383700083196e-04
-4.91892542487787e-04
-1.81600478990255e-03
5.35444419921524e-04
1.99274601628853e-03
9.08945069513210e-03
5.77618081045511e-04
7.10287572775678e-04
1.08674013540025e-03
6.16653441914123e-04
-5.43937813020508e-04
3.88675599936016e-03
-2.79484778067541e-04
2.21651962499687e-04
2.86052419357271e-04
3.20363675330778e-03
-7.95567799796457e-04
-1.77250573842314e-03
-2.45852902693493e-03
-2.97353393970295e-02
-3.48456970175932e-03
-3.82427660033375e-03
1.28893591909934e-03
3.47885259982428e-03
7.02974584899390e-03
5.31043786574911e-03
2.25566476772887e-04
-1.04983606426366e-04
-8.55464525984915e-04
-1.48009669730200e-03
-1.63050878928463e-03
-2.69106184324266e-03
-2.56522913533674e-03
-9.93956763153164e-04
-4.50015839495788e-04
1.68182250342336e-05
-5.16008533661603e-05
2.81902855647738e-04
1.39826794030952e-04
5.04425003741092e-05
-7.94269568226766e-05
-4.12834000858432e-03
-2.70528450157605e-03
-1.65283573154617e-03
-1.44532802974238e-03
-1.39211642425007e-03
-2.28326642692408e-03
-3.13588608926496e-03
-5.09043374573751e-03
-7.76718224464153e-03
-9.90668250889846e-03
-1.86803708826099e-03
-1.85935015632054e-03
-3.90380770849811e-03
-1.47739422039370e-02
4.40169486831453e-04
-1.12674485393083e-03
-2.67316660213696e-04
-2.20764404224803e-04
-4.44846994528790e-04
-4.95244915505766e-05
-2.91822604724784e-05
-1.31829363737389e-04
-4.65087720125544e-04
-8.68288935195580e-04
-1.00650395635538e-03
-1.04711813444104e-03
-9.87999953216189e-04
1.29767624573430e-03
3.61239034450794e-04
-1.88447433018487e-03
-2.27101362240607e-03
-2.49802697913655e-03
-2.28497315380094e-03
-5.48880191962208e-04
-4.76369588635377e-04
-5.77283275271468e-04
-8.60037641903453e-04
-1.22029318163168e-03
-9.33002039661522e-04
-4.30194050574387e-04
2.09026049822222e-02
4.91239486243618e-04
1.40570182678197e-03
1.48810624735501e-03
8.86442522847076e-04
2.91819234565819e-04
1.11405121329565e-04
-3.96194071726223e-04
3.57184472689259e-04
3.07490994106172e-05
1.67259547238371e-04
1.89537765105013e-03
1.82545018643837e-03
3.47630159670106e-04
4.94559725350874e-04
8.67487031888471e-06
-8.83705296616622e-04
-2.56116442097344e-03
-1.22260563489059e-03
1.17900297138396e-04
1.46005025905837e-05
7.03001498894020e-04
1.54042579930571e-03
2.18050401220202e-03
2.19652113811140e-03
1.69397602730147e-03
9.04833362123478e-04
4.71249735267747e-04
-6.30370148864865e-04
-1.01388708765135e-02
-2.04972340133616e-03
-1.60712954693026e-05
-4.06771466638558e-05
2.15867957852506e-04
4.43911105191372e-04
5.31668396657158e-04
1.85632084047077e-03
1.12573124919016e-03
-1.90459999620290e-02
0.00000000000000e+00
-2.95777421311756e-03
-2.73502115596799e-03
-1.36538307704120e-03
-7.99546659162366e-04
-2.08757487692111e-04
-5.98096323836480e-05
-5.03073111423806e-05
2.00672992519965e-03
4.54324509731525e-03
7.17103321448454e-03
-1.31038599436121e-03
-1.32835106089280e-03
1.52395004630149e-02
7.67915492643014e-03
0.00000000000000e+00
3.66699223331356e-04
7.94486974889259e-04
-3.89898640204617e-03
-5.83132271538015e-03
3.17905383197558e-04
4.58112541285890e-04
-4.89915347745503e-04
-4.03235952292922e-04
-3.89966522561285e-04
-1.13075769603332e-04
-3.07952051358549e-05
4.68171884131459e-03
9.09681925082858e-03
-1.27735444882256e-03
-1.20239089960120e-03
-1.04844643634704e-03
1.50723124846616e-03
5.56541522668877e-04
1.93467726262254e-06
-1.93691375509454e-02
3.88936901871052e-03
3.91461576680476e-04
3.03434149558842e-04
2.46763232245043e-04
1.87607865922654e-04
1.45493625695983e-04
4.95360953257123e-05
-7.17317344032512e-04
-5.94602012585047e-04
0.00000000000000e+00
4.84696399919482e-04
6.26968863647391e-04
5.63686379882370e-04
8.10990951824035e-04
-1.43348445385261e-03
-3.98924224667222e-04
6.52629408807840e-04
7.81263481887506e-04
3.42630923908947e-04
-1.92562165731036e-04
1.24238601294773e-03
-1.71670707412345e-03
5.25375025331988e-04
3.25444881824317e-05
1.85010083098037e-03
1.48983030417503e-02
-7.12155497478401e-04
-1.18119048240986e-03
-1.42097122316510e-03
-3.12552120874900e-03
-2.68249744730166e-03
-1.53084247634076e-03
-8.46530579197701e-04
-4.18604686921696e-04
-3.46347494927254e-04
-3.74678359493907e-04
-8.65059034378965e-04
-9.48009118537397e-04
-1.12271208884482e-03
-1.17432976168125e-03
-9.35189233728921e-03
-2.14948968002057e-04
-1.03006102972761e-03
4.32563114055960e-03
1.75869375349825e-02
8.03865352376693e-05
3.48346998846170e-05
-1.51053054446171e-04
-4.31428742564038e-04
-5.11665508164168e-04
-2.60413477361592e-03
-2.74992395536178e-03
-1.28136952341015e-03
-9.68199786411512e-04
-1.62864875270883e-03
-0.00000000000000e+00
2.15311148874184e-03
1.96845965405707e-03
1.28241082726692e-03
6.25313617752612e-04
3.41177389661047e-05
7.04599547946770e-04
3.04843275618240e-04
-0.00000000000000e+00
-2.16557782942925e-03
-1.78208213065559e-04
1.10922280145567e-03
9.57996012311777e-04
3.16463749231635e-04
1.07292902013201e-04
-4.25428987053253e-04
-2.81716139760553e-03
-2.90937325552949e-03
-3.84969596424657e-03
-4.97682940865477e-03
-5.82402025961649e-03
4.27727515068425e-02
2.90189523325909e-03
3.24346581856625e-04
1.04359017814136e-04
-4.23775027001099e-04
1.02888516961275e-03
-1.24083576448408e-03
-1.20177216002060e-03
-5.96903913066801e-03
-7.63151743786724e-03
-2.17055073677139e-03
-7.00937557626149e-04
-6.28668614860970e-03
-8.14707611436401e-03
-2.14144179153388e-03
-1.60964249851158e-03
-5.29113911175023e-04
-4.69698223009613e-04
-4.01796074811948e-04
2.81678456014846e-04
3.88780008264807e-04
3.76974947133289e-04
-1.60662881185958e-03
-1.27774360719349e-03
-1.24176721721272e-03
2.35453466040795e-04
3.56110765397570e-04
6.36315775041780e-04
8.20004878392596e-04
-3.07323111499965e-04
-4.30927805867249e-04
-3.48888601862540e-04
-1.12850725332929e-03
-1.45295169182863e-03
-1.99543598257472e-04
1.05862953991914e-04
1.02038117672076e-03
1.41610236374524e-03
-1.03247144135541e-03
-4.91017079868167e-04
-4.99282671838646e-04
-6.94815993486535e-04
-1.58908785475119e-03
-1.23985381213771e-02
-8.48110947633172e-04
-7.76820202415286e-04
1.64834899702263e-04
-7.65730617297573e-05
1.89298961618259e-04
1.68830188287744e-04
6.65335202849142e-05
-2.23619979704570e-04
7.84377964683022e-05
6.24398306747052e-04
1.02534247384144e-03
1.10373055153327e-03
7.26042295549306e-04
3.40295010785945e-04
-1.95239598220969e-03
-2.77243713346598e-03
-3.21194335464401e-03
1.50289739999817e-04
4.57240796455196e-04
4.09450597846853e-04
1.19336716711747e-03
-8.92615014767506e-03
-1.44107894161777e-03
-5.72296268869403e-04
-4.23449207974955e-04
-3.01687302218722e-03
-7.67138983223781e-03
1.49990014180379e-04
6.48362762812224e-05
-9.33106571288106e-04
-4.72999146357968e-04
4.83809871847434e-04
5.21363654382852e-04
5.57062606144374e-04
5.64304836610738e-04
9.51596688362237e-04
2.69288941401263e-03
4.46528456209657e-03
1.53352761171582e-03
1.53315860910974e-03
1.52894631144169e-03
-9.39801184254790e-04
1.79706067321531e-04
1.21001355754810e-04
1.83923041527501e-05
-1.84425898431424e-05
0.00000000000000e+00
3.99799440270375e-05
2.36638319325690e-05
-5.95771314838418e-05
-2.21791189514550e-04
-2.51435291175625e-04
-2.90950557521455e-04
-3.04848313563117e-02
2.54742563272916e-04
2.09089861217492e-04
-5.04820142767245e-04
-5.82688640005733e-04
-6.69858462296216e-04
-7.29217237898977e-04
-5.56732121634613e-04
-1.44797076208730e-03
-6.29831212726519e-03
-1.05438987815047e-04
7.27479996977753e-06
1.20382029635875e-03
-1.09266416743605e-02
3.54392859553667e-03
-7.37577070594560e-05
3.02406581264144e-04
-7.15159668408782e-04
-6.93561303951245e-04
-7.51748308055137e-04
-7.96507326156254e-04
-8.59446408907854e-04
-8.30074664393899e-04
0.00000000000000e+00
-1.23455668084344e-03
-1.10248128657587e-04
6.46436538121971e-03
2.43971985216060e-04
-1.47500146198448e-03
-1.42041281442981e-03
-1.51910411362241e-03
-0.00000000000000e+00
-1.88895699889040e-03
-2.42997647413540e-03
-1.53678339145018e-03
-7.47776582027486e-05
-4.95935287043925e-04
-1.83481827520132e-04
-3.84079650213862e-04
-3.16030667029595e-04
-1.05182060658479e-04
1.07760566139706e-03
1.83259263087521e-03
2.51462215716591e-03
2.14808157794750e-03
1.19726559432229e-03
9.72421315376669e-04
8.41164915297432e-04
1.09278623946807e-03
2.69723524775010e-03
2.93293290556986e-03
1.87715548969701e-03
-9.22627001377060e-03
-1.21906985694220e-02
-3.58196246115589e-03
-1.84389020268534e-03
-1.54980470626273e-03
-9.36186020511120e-04
-3.27530655905837e-05
-8.44459078239021e-04
-2.25926468352722e-03
3.72556184328471e-03
1.45950384421588e-04
1.43035015754018e-04
2.79722365929461e-04
3.93217529776396e-04
1.13643710365938e-03
2.82070223539551e-04
1.66883706697867e-03
2.22617556147845e-04
3.82512241168876e-04
-1.82886206336977e-03
-9.05307923043120e-03
8.47965767356942e-05
4.16630484832777e-03
3.71590508683764e-03
1.63774621896709e-03
-1.45489365952395e-03
-1.15031740261141e-03
-1.14261210205436e-03
-1.10816787838514e-03
-1.77757351977849e-03
-1.16969350393192e-03
3.96552895485637e-04
-4.58395231436380e-03
-3.84928094322489e-03
6.38347667906489e-04
-1.32448681564388e-04
1.22116440929281e-04
8.42796516513258e-04
9.53652093290565e-04
3.10543548348201e-03
4.64436317447633e-03
9.79600345881610e-03
5.85356710594530e-03
2.35246630477294e-03
-8.59919941955258e-05
-3.02493252901073e-05
-5.75205066758645e-05
2.44811550288496e-03
7.60734987156837e-03
1.20715679900894e-02
1.12463127026880e-02
3.69063063738983e-03
1.09187398801254e-03
7.41668762931981e-04
3.95955509900526e-04
3.72111396922639e-04
2.70243728480506e-04
2.50568786712692e-04
5.95997499753079e-05
-3.73038686074062e-05
2.75810260393368e-05
3.93687218847726e-03
9.66193449120185e-04
2.60381557386674e-03
0.00000000000000e+00
1.62736315511710e-05
9.50122817404835e-05
-1.98545048628657e-04
-2.89833825667289e-04
-6.52731637269523e-05
1.82399828099461e-04
4.46826332209077e-04
2.41842969719083e-04
-3.47194459496255e-03
3.10372762345459e-03
3.34226161613786e-03
7.07694386426328e-04
6.50474758555303e-04
2.97360438256237e-04
-2.58633078706215e-03
-9.90358944269916e-03
-1.32012950503198e-02
-3.86306884670981e-03
1.32952445549933e-04
1.12183449125741e-04
-4.36208857967820e-06
-2.75289651704955e-03
1.61195133703813e-04
-2.80549412704651e-03
