0.000683144390826633
0.000116680743941905
-0.000339176632542351
-0.00153924823570366
-0.00277863688450988
-0.00910623861915312
-0.00520652940281492
0.0244546608838177
0.00429399812839885
0.00116221430783744
5.11727711528316e-04
1.16456851923983e-04
-1.57246240207445e-03
-1.83577967649963e-03
-2.91369489980688e-03
-1.02433922572333e-03
-1.37052545264080e-04
-2.75070853026538e-04
-1.68043392591938e-03
-6.30417817305483e-03
-1.03125333121452e-02
-2.87671829827983e-02
-4.75079097254852e-03
-2.59762628881526e-03
-6.93636521130768e-04
-1.81725811097822e-04
-1.98794279838663e-05
-1.34622297176241e-04
6.00025846371943e-04
6.63418732770733e-04
5.30996378548960e-04
4.23446918476751e-04
1.25737152993709e-03
6.07222480022146e-05
-1.03475874172471e-03
-1.55325249318891e-03
-2.04802527810430e-03
-2.67218008266003e-03
9.80645535801842e-04
4.92344709118726e-05
-1.84439402748164e-04
7.53450404473826e-04
3.71957412475917e-03
5.89157665496788e-03
-1.03511906173340e-03
-9.81860086322241e-04
-8.83651079912650e-04
-4.58253429832397e-04
1.28476157181546e-03
-1.52358068761992e-02
-1.06889753790129e-02
-1.89305889449312e-03
-1.14522968947988e-03
-9.92098610718932e-04
-8.88429868110886e-04
-4.93131492125065e-04
3.01800705903013e-04
-1.54817417502830e-04
-3.72549200387769e-04
-8.21053854418305e-04
-9.65215802123049e-04
-1.86012875967602e-03
-1.67979904686526e-03
7.33710395979077e-03
6.38624052607282e-03
2.56421381587316e-03
1.51220066378595e-03
-1.87834760755673e-05
3.65747012692888e-04
3.53416268959513e-03
1.93874708964860e-03
-1.08000559963066e-03
-4.45416479241073e-03
2.84483215208640e-03
-1.16753349984178e-05
-5.18729388399156e-04
-4.30756102500208e-04
4.01393509593214e-05
3.01738852647457e-02
-3.34408525786563e-04
-5.74997479798964e-04
-1.21704121222067e-03
-2.46247457882001e-04
1.60104647252553e-05
-9.88089911705706e-05
-2.00944103921095e-05
5.52244946136368e-04
6.74805922430993e-04
1.24448387292431e-03
4.24473305860026e-04
3.17654382489006e-04
2.42523644639359e-04
4.01081002655073e-04
2.35811499357189e-04
-7.20460521532733e-05
5.01807521270958e-05
8.85375450809076e-05
-1.61930162200628e-05
-7.56633983655588e-04
-9.16529393217137e-04
-1.19820320190209e-03
9.43945627391807e-04
3.35273991696673e-03
8.62904417588066e-03
8.93170389913442e-03
6.95389464303698e-03
4.61130789142194e-03
1.38125902583118e-03
3.23460055973664e-04
-2.55447082959837e-03
-4.01481664773022e-03
-1.78644327190342e-03
-1.64552567712347e-03
5.76153243532571e-05
-1.17176236987896e-04
1.57782266325990e-02
-1.32457637740008e-03
-2.89667576253076e-03
-5.86618259601993e-03
-5.81659412561992e-03
-1.37309178193605e-03
-2.54785655406926e-04
1.03453059303881e-04
2.42940108928288e-03
4.99958936391407e-03
1.04718443500821e-04
4.08472383065001e-04
1.20014265351022e-03
3.89726212973137e-03
3.66350014738732e-03
2.09371260284844e-03
9.37266002860439e-05
-5.76962052536754e-04
-1.48206343489289e-03
-6.13160919946498e-03
-1.01542126416101e-02
-2.45287897805779e-03
-1.02003596364853e-04
-8.71643868203503e-04
3.62370071100911e-02
4.52279348771063e-04
4.08162680750669e-04
4.69862387947839e-04
4.84823595331139e-04
-7.98689162279971e-03
-2.02276899205890e-03
-1.32705726995933e-03
-1.28561581571569e-03
-6.06883786713967e-04
-3.40077019890320e-03
-2.56767122007780e-03
-3.25730825567737e-03
-2.76395822523897e-03
-2.32845103028229e-03
-1.10149996337044e-03
-9.71350444964612e-04
-6.99499092555921e-04
-5.06156068524966e-04
-2.25480317854774e-04
1.38528437062065e-02
9.58856797274342e-04
6.83572104496326e-04
4.61619336181634e-04
2.62979536902869e-04
1.28377553287408e-04
1.30199571120164e-03
-9.35593574505506e-03
-2.20196632978820e-03
-1.49057510386030e-04
-1.80011178375714e-05
6.76793350868140e-05
7.93810184963289e-05
2.72856897668677e-04
5.11558692784233e-04
-8.91638681108455e-03
-2.19861800173260e-02
3.27112641609135e-03
0.00000000000000e+00
1.75337392272221e-03
4.90852430339121e-03
5.90734904721983e-03
1.18467745229899e-03
-1.06399087043652e-03
-9.14104799126279e-04
-5.50356036523615e-04
-5.49136872041836e-04
-6.04985745159781e-04
-7.05670316547985e-04
-8.61617682846168e-04
-1.08136574388716e-03
-2.23199658398151e-03
-2.65399184527670e-03
-3.13297543106015e-04
-5.78790129155898e-04
-4.08375236135040e-04
-7.48438386324049e-04
-3.97034802196567e-03
-7.00286841769882e-03
-3.28384995989375e-03
3.45441615079117e-05
2.35254182603041e-04
1.06995522159612e-03
1.37625120662271e-03
1.50016460842929e-03
1.38752855787937e-02
1.24602061770012e-03
1.22954167633907e-03
1.23997621744604e-03
1.50108476088021e-03
1.67667016206874e-03
-8.98658603028700e-05
1.41513438920617e-02
7.07033071228174e-03
2.93639701689326e-03
1.68489434699679e-03
3.79642730012728e-04
-2.02372540538795e-04
-4.76199861992702e-04
-1.69582771462634e-04
2.29090675453071e-03
-1.57454867257150e-03
-1.11513240457070e-02
-7.02689912635260e-03
-1.66948323589238e-02
-3.67481198301968e-03
-1.84974816528198e-02
-1.94974693155749e-03
-1.09642960520180e-03
-9.45537287300254e-04
2.23906141001237e-04
1.72214213034836e-03
4.44419925191828e-03
1.10940059009467e-03
1.22576343376043e-03
4.81194591227228e-03
-1.74447510433986e-04
-3.26586441615176e-04
-4.78070177073200e-04
-1.73841682809537e-04
-7.23149521583476e-04
-4.60046272914712e-03
6.37112878750253e-04
1.33397508874274e-03
5.48000895629839e-03
1.44841640847040e-03
1.43369858559971e-03
7.35730110217164e-03
-1.76878600571742e-04
-5.59690442080431e-04
-4.19013856420306e-04
-4.00674337106299e-02
1.71175391601637e-03
3.00808286335431e-03
1.72676219274795e-03
7.56200525692046e-06
-4.56288278740573e-03
-7.26362246100836e-03
-1.19537092238403e-02
-1.96502490859413e-03
-1.24871598112196e-03
-9.81718397959536e-04
-1.34861745987469e-03
-5.06100551667040e-03
-8.85283781094354e-03
2.11632904169739e-03
7.28051593688089e-03
5.14489631853754e-03
-9.81503088796302e-05
-0.00000000000000e+00
-1.56029777783943e-04
-5.29243774120220e-04
-8.47786895130339e-04
-1.14945895672208e-03
-1.26168286394984e-03
-1.43015661493735e-03
-1.47937444663421e-03
-1.25121905489886e-03
-1.80118713784944e-04
1.35075305714383e-03
7.93981328440851e-03
1.27725099990069e-03
-6.40425440911283e-04
1.44694106727882e-03
1.18544685914092e-03
1.02007175334008e-03
8.82347268182422e-04
6.59723857246010e-04
4.63226200894595e-04
-8.59151152545645e-05
-1.39586245143787e-03
-6.96341500279365e-03
-9.31900274744836e-03
-2.63984355892837e-04
-5.65491987412438e-04
-6.01909253204270e-04
-5.00432483580819e-04
-4.42699937456515e-04
-1.06921089471686e-02
-1.85035780214854e-04
-3.83130466930074e-04
1.31074954436662e-02
2.22645546698028e-02
1.36973614262600e-03
0.00000000000000e+00
-1.08794862367647e-03
-7.47145355391943e-04
7.50091366425689e-04
3.99357411570670e-04
9.31564345779997e-04
4.56322594234605e-03
3.62462375196832e-03
2.69182765492101e-03
8.16239948131753e-04
4.24978144773578e-04
0.00000000000000e+00
-2.10283174183858e-03
-1.89432599740413e-04
4.29373751119797e-04
-1.62570303356186e-04
-2.70589178910604e-03
-1.59551561920850e-02
9.27595546899904e-03
-5.03165040082515e-04
3.49914708860840e-04
-4.90632257299007e-05
-1.90509243751185e-04
6.55712702000885e-05
2.02099785352164e-04
-7.25904608916267e-04
-1.42328335682891e-03
-2.58072045183910e-03
-4.15575488153183e-03
6.47274987193747e-03
3.51016141820726e-03
1.41069169595783e-03
-2.53580258694674e-04
-3.54689182882122e-04
-6.98917444389474e-06
-2.54949849710409e-04
-1.32730085943610e-04
-2.82507638362536e-04
6.43275578001324e-04
7.79766153557459e-04
8.21003638984400e-06
-3.51417285008809e-04
-1.32161801158807e-03
1.42349356986246e-03
8.50951876091047e-04
2.22639246610150e-03
-1.05028895826521e-03
8.45819887096092e-04
7.32070286346098e-04
3.83957285810077e-04
2.72597013559058e-04
1.78308196705830e-04
1.54912419257319e-04
3.88343235994254e-04
7.11019511038918e-04
-3.08603289878875e-03
-5.47604520585242e-03
-6.46601487347159e-03
-5.34747220076098e-03
0.00000000000000e+00
-9.56317692110968e-04
-1.28447631885823e-03
-1.81646776378210e-03
-4.80784960459472e-04
-3.95924121743934e-03
-4.43265486088865e-03
-3.99484581325221e-03
5.60151725280617e-06
-6.31567167045587e-04
2.44049314163842e-03
1.31065878979808e-03
9.45596942756781e-04
7.71426735469130e-03
-4.05762069683837e-03
3.67543787409227e-03
1.11439430373037e-02
1.60934015056106e-03
-1.30389893135737e-03
1.02899306601628e-03
1.31496954731812e-03
2.46699139174684e-03
3.77958974564326e-03
1.05504861509005e-02
1.90255429996268e-03
-6.41526758533927e-04
9.91627057092950e-04
4.49913062419050e-04
1.50576231840655e-03
-3.78663093251021e-03
-1.00719490988074e-02
3.24363116044893e-03
6.10199498880414e-03
3.58811648935975e-03
7.79379415651590e-03
1.48032238259490e-02
4.51800928044957e-03
1.79750808196125e-03
2.29084665098795e-03
2.22470461397255e-03
-3.60167874261230e-03
-6.93324283220942e-04
-1.22094626222192e-03
-1.80813791089609e-03
-3.29634610157470e-03
-4.24226706217170e-03
-5.28733342257491e-03
-3.35612644122078e-03
-8.15317066489931e-04
-2.70922862644034e-05
2.05806826353246e-04
5.21504472757525e-04
2.74389068990955e-03
5.41118532344927e-03
8.32623705250425e-03
2.67880456336514e-05
5.15299164895326e-04
2.36433726727105e-03
-1.18494609671265e-03
-2.88910431432435e-03
3.35679950844748e-04
-1.24431619135158e-03
-9.22616302097760e-04
2.34401040770698e-04
-2.21554957143398e-03
-2.36438912657874e-04
4.67152575864729e-04
9.39742657207796e-04
-8.47993703898648e-05
6.56841810560484e-04
-1.29673549118599e-04
-9.15430155689879e-04
-2.26722396241524e-03
-1.00353641169254e-02
-2.55555879467717e-03
-2.18917536212503e-04
1.72088000314410e-02
4.34700340119558e-03
-1.98721592910110e-03
-8.29652646446940e-04
-9.05165141921606e-04
-2.64185184320388e-04
-5.30137514925566e-03
-1.73390349223130e-02
3.60923043963765e-02
9.41985853153291e-03
-2.19339915165854e-03
-3.74010658038389e-03
-9.00243200028359e-03
-5.33179526242556e-03
-2.34288731748882e-03
-6.26311082850450e-04
-1.89716242337492e-04
-6.81130497787280e-05
-6.28182595883411e-05
-6.25258025586351e-04
-6.49127329635940e-04
-6.64300887802281e-04
-0.00000000000000e+00
8.59863315171699e-04
1.87364532436413e-03
2.31159860492074e-03
2.63587514048314e-03
3.63620475589631e-03
2.89496463600566e-03
2.73012913762953e-03
2.10041409904074e-03
4.06467820630048e-04
-6.55456908974516e-04
8.22556727726215e-04
1.86205970987329e-03
1.94087237306104e-03
1.49073586340851e-03
-9.38724209860701e-05
3.31531458144629e-03
2.55097737380956e-03
-6.53506194678131e-04
-9.91100098786010e-03
-4.20164342220880e-04
2.21178792139798e-04
-5.93033105573375e-04
4.55850109043053e-04
4.90063025915270e-03
4.06205406646805e-03
1.02689320050642e-03
1.36760138848319e-03
-1.02384921553826e-04
-1.29568177244168e-04
-7.99603155507588e-04
-8.59918389974886e-04
-9.60465899757664e-04
-1.15124883866183e-03
-1.26521326652770e-03
-1.76567986338019e-03
-8.28384710564086e-03
-4.45609904870282e-03
3.48248113185873e-04
7.41647298199960e-04
1.18112096349290e-03
1.39662259966140e-03
-2.80278029487441e-03
-2.94972365373508e-03
-2.98012744330600e-03
-2.67511884767179e-03
2.26952263682612e-04
-8.28164757667844e-04
-8.62927389651482e-04
-8.86237891727758e-04
-1.33728695626066e-03
-5.89477411685246e-04
-4.71454383815128e-04
-2.65361522418883e-04
-2.22351357044821e-04
-2.45778300983364e-04
8.20054934833227e-04
1.45493501216567e-03
4.89112251613944e-03
5.59224720509132e-03
5.09213334889118e-03
-1.12177547674476e-03
-3.07597462897478e-03
-3.38426735110363e-03
-3.03638885939539e-03
-1.05807010979785e-03
-5.05361298193258e-04
-1.15463078554133e-02
0.00000000000000e+00
1.26355608679537e-03
9.40262146674823e-05
-1.34026716557777e-03
-2.45999512884708e-03
-4.32770908210016e-03
-2.29008355715594e-03
-5.81551116123373e-04
7.69863658587920e-04
7.66989352961148e-04
4.82740324274837e-04
-1.34695985161282e-04
-3.65318015031016e-04
-5.05118551455789e-04
-1.86405922205874e-02
-1.41542894754609e-03
-1.59790647017383e-03
-6.04035396929209e-04
2.93055136299995e-04
5.71824427601791e-04
-1.98517578708252e-02
-3.28111465940965e-04
-1.05923770739087e-03
-1.55112933379879e-03
-6.97780815385457e-04
-6.73223987780021e-04
-1.01348192897015e-03
-1.47128597353785e-03
-2.65667204791771e-03
8.74988498457413e-05
6.66993490636094e-04
-2.84255815555670e-04
-6.20509853727097e-04
-1.21797471288563e-03
-1.08573005777995e-03
-2.16371456133284e-03
-2.62235122932888e-03
-3.97938963924471e-03
-5.29482356352834e-03
3.86752610944996e-04
3.24869885892120e-04
3.08160459106154e-04
2.94467470658715e-05
-1.51275833918808e-03
-3.72214237661997e-03
-2.95610378195076e-03
-1.56882998933921e-03
8.41952907346818e-04
1.78537392238302e-02
-1.97064004220639e-03
8.79036674219191e-04
1.03074328698526e-03
1.02395185492001e-03
1.12823917133042e-03
1.25491411636322e-03
1.58640536136624e-03
6.13940231795615e-03
8.00719705414483e-03
8.76415205594590e-03
-1.62193373086523e-04
-1.31309498678118e-04
7.89537532756948e-05
1.65789826215675e-04
1.98558625596588e-04
8.59549015477444e-06
-1.63147388297359e-04
-2.93204573050673e-04
-3.67396413740714e-04
-5.34803390914475e-04
-6.66329267866415e-04
2.72639189335025e-04
4.22182524704092e-04
1.14895470654078e-04
5.37182509254330e-05
3.88226439390506e-05
1.14171153472930e-04
5.52679458660994e-04
7.97281325770138e-04
9.08239623119049e-04
6.98082990361558e-04
8.80742124191206e-04
1.14201380785163e-03
2.25626559323357e-03
7.54643038039687e-03
7.14186873221924e-04
1.15649504479858e-03
1.56456835398991e-03
2.13096640444469e-03
2.31920261328156e-03
2.95360856094879e-03
5.51678066791089e-03
8.87911495636284e-04
-3.62252726504724e-03
-4.54631571885620e-03
-2.77377705837725e-03
-2.15316717433751e-03
4.75952224331596e-04
6.37865406290802e-05
1.83277467811730e-04
2.92649668707918e-03
-1.66964765450384e-03
-4.17129592625641e-04
4.65668092705443e-03
6.18680659054868e-03
4.32344322231452e-03
3.09696728166033e-03
3.05321878772976e-03
3.94442346768750e-03
4.68491486944177e-03
-5.03424226253294e-03
-1.89633546105144e-02
-4.41535685510698e-03
-4.14285502480339e-04
-1.79158477808341e-03
-6.84083929172004e-04
-2.47989089695092e-04
4.94763144089084e-04
1.39919641935852e-03
2.02289078692428e-03
1.02864256107824e-03
1.20034958873780e-03
9.62374182697556e-03
0.00000000000000e+00
2.58655051370079e-03
3.00197732093692e-03
3.64262115566949e-03
3.68704313855925e-03
3.08186701318554e-03
2.02694656810587e-03
1.49153137899849e-03
-4.52438038750870e-03
-3.96370331296525e-03
-3.39956366450499e-03
-1.55225954897378e-03
-2.23683253545974e-04
-2.03222711216819e-03
7.00491332319364e-04
0.00000000000000e+00
-7.88835703895005e-04
-1.04648613353271e-03
-2.13546710737212e-03
-4.72979563831200e-03
-1.31358042747485e-02
-5.67917506894665e-03
-1.35586185826613e-03
-7.04712329952388e-04
-4.92524746207465e-04
-9.60968925850452e-04
-3.68308391466828e-03
-6.17927168522605e-03
-9.80093519597296e-04
1.59982867672471e-02
1.58299181082691e-02
-1.58518309905559e-04
-6.90043734256213e-04
-8.16189466959223e-04
-1.47145382958471e-03
6.70077165637918e-04
1.30173085900598e-03
4.63049441744858e-04
1.13245564966510e-04
-8.57605123487069e-04
-9.63728049877881e-05
1.41043432435545e-04
1.15737614278977e-04
-4.18419040851414e-04
-4.35037746050329e-04
0.00000000000000e+00
-2.43836637529266e-03
-1.07642013705076e-02
-2.11219942612658e-02
-4.65464513317033e-04
3.16552213128812e-04
-5.35028256315640e-05
-5.26879095854602e-04
-2.81579440303233e-04
-5.98671804597760e-05
2.56647735109097e-03
-9.07578898491507e-05
-4.75888007766308e-04
-1.93095421346917e-03
-3.36617129396717e-03
-9.28336787853620e-03
-2.40427106419784e-03
4.78727892124866e-05
1.06711875392861e-02
3.85816019460004e-02
-2.48884873869905e-04
4.76231974919607e-05
2.33806057258668e-04
5.18645365755019e-04
1.09054312576586e-03
4.48680028042448e-04
3.48341602496654e-04
1.74306263602333e-04
3.05252550785812e-04
3.16453580873255e-03
6.53720157749168e-03
-2.83557695206233e-05
-6.79101720880982e-04
-4.23503663193016e-04
-2.97758300994517e-04
-8.63537176965384e-04
-4.31733938079612e-03
-9.41607344753908e-04
-9.18024246447985e-04
-2.79889521864116e-03
-3.02399475814414e-03
-7.32076594276359e-04
-7.02026729716135e-04
-2.64543350733473e-03
-3.95490324555971e-03
-6.38070687490121e-03
0.00000000000000e+00
1.32767754930494e-03
1.51973305440017e-03
1.95148025363213e-03
2.43342543013255e-03
2.43211624820094e-03
2.72016129058574e-04
-5.96789045542652e-05
0.00000000000000e+00
4.21078940180461e-03
2.85134126247101e-03
2.53086024555822e-03
9.16710489970721e-04
1.61892634395557e-04
4.54196075372154e-05
-2.47354521830441e-04
-1.44764214529488e-03
-2.07876334627761e-03
-5.43098862133038e-03
-4.51001296337735e-02
-2.10958618054399e-02
-1.20073188022269e-02
1.49757196433334e-03
2.65777060518212e-03
1.74708702179167e-03
2.06096096345625e-03
3.70962903460331e-04
-2.08638012343293e-04
-4.87478348249149e-04
-1.87771860987471e-03
-2.30343562074138e-03
-7.14811780705999e-03
-4.89427788555441e-04
5.07411816709170e-04
5.94499214597051e-04
5.06586177567431e-04
8.62919509264990e-04
-8.60126944320184e-03
1.23125481610157e-04
2.15199066865869e-05
-3.90206332857844e-05
2.86356871858099e-04
3.45412378375000e-04
4.90657769332470e-04
6.43150227436460e-04
-1.73265766733742e-04
-7.53479177368967e-04
-7.84782633932004e-04
-7.92659092204167e-04
-7.83690443509777e-04
-3.45349659522414e-04
1.10844474352232e-04
3.18080099345499e-04
-4.21798661416079e-04
-4.55469511592361e-03
-6.77709081603347e-03
-1.90464854467475e-03
-1.39485869890981e-03
-6.17958224850596e-04
5.91556610271612e-04
8.38257520639270e-04
1.50208031186651e-03
1.63620206023824e-03
2.06334853590567e-03
3.45144565810821e-03
4.14203747560818e-03
4.02619171091863e-03
5.62740381035609e-04
3.97442863173706e-03
8.12901720948872e-03
5.92672268120577e-03
1.03601691623131e-03
-1.70046535918253e-04
-3.48570345695942e-04
-2.87098941291791e-04
4.54322789474206e-05
1.67157579858969e-04
-3.28175605549451e-04
-2.29916577579543e-05
4.67533098640835e-03
-5.15337741831002e-04
-6.32987155600925e-04
3.78191842054518e-03
3.51415084754133e-03
-6.54711361898733e-04
1.13582005724942e-04
1.74351860664012e-03
3.83799004372576e-04
-1.18356110492648e-03
1.97384607510522e-04
4.28730206098122e-04
6.21149545320906e-04
2.36569424139824e-03
1.79954946477437e-03
1.14406772979826e-03
-3.97908833072507e-04
-6.82554012664755e-05
1.01458268496414e-04
3.50265210920410e-04
3.66649726814069e-04
-7.44249402866974e-04
-1.95832648492917e-03
-2.03611014516983e-03
-1.23477183227122e-03
-1.63506268662295e-03
-2.87902301536493e-03
7.85391867016616e-03
1.25343533655825e-03
1.01159719615381e-03
-9.91076103746175e-05
-3.86049239995918e-04
0.00000000000000e+00
-7.44041148065424e-05
-2.02913196259590e-04
6.91358812448153e-05
1.99973912336666e-04
8.24761324263388e-05
8.84540881412481e-05
3.01524225344253e-05
-1.49814091473584e-03
-6.99838520368000e-03
1.51300369141954e-02
-2.06040526977348e-03
6.25354358876189e-04
7.19043880556075e-04
-9.06881637305591e-05
-7.23685233189369e-04
-3.22440708305729e-04
-9.05562439789924e-04
-2.76896512227198e-03
-9.60614613153079e-05
3.49277932894650e-03
1.31429139685075e-02
1.51043627630646e-05
5.49669560816364e-04
-1.41230110243444e-03
-1.28277542458877e-03
-1.26150767030204e-03
-5.73706488179857e-04
-5.78341380614118e-04
-6.26662318061766e-04
0.00000000000000e+00
1.63707876375762e-03
-6.60726715703623e-03
2.01119204429758e-04
-7.74922375077503e-05
1.12559712091738e-03
1.22412823045091e-03
1.43297222247782e-03
0.00000000000000e+00
-3.73688304406315e-04
-1.48887227545094e-04
2.78863181711974e-05
9.10616588724420e-04
4.24629568419264e-03
-1.23951042936389e-04
-1.87112142502120e-04
-3.52539424593342e-04
-1.08719090685500e-03
-2.17635220459388e-02
-2.08220102569002e-03
-1.63848916304516e-03
-5.33353523755687e-04
-5.36662725457478e-04
-2.87535810281434e-04
-1.29125800672615e-04
-2.54323801386149e-04
-4.88479984398554e-04
-4.47150562826449e-04
-2.08843919496659e-04
-8.98850014570271e-04
-1.75149339422920e-03
-4.70607882388699e-03
8.29311975664542e-04
7.79108584437086e-04
6.13182058952764e-04
1.30137250066412e-05
-7.35907392409515e-03
-7.66900252321699e-03
-2.97731172609331e-03
-1.48805041994015e-03
-6.67792017991032e-04
-5.63418431454296e-04
-5.69496289764757e-04
-5.08046604474596e-04
-7.21038254154374e-04
9.04788368625441e-04
-4.37789136094239e-04
-1.46873475445663e-03
-2.58897535432434e-03
-1.80325484760605e-03
-1.28837423644040e-03
-5.60353573110858e-04
-3.64356747799365e-04
8.34848029949345e-04
5.64373297337162e-03
3.32792699553457e-03
-7.32359616477988e-04
-1.77187288904277e-03
-1.97584709424957e-03
-1.65136367553815e-03
-2.50745762628330e-03
-4.25881808282667e-04
-7.98100231971441e-06
1.22196696952055e-03
2.66134800370724e-04
-1.06622903987870e-04
-7.06310138350339e-04
-7.49249326970045e-04
-5.84494753808291e-04
-5.22264238374023e-04
-4.70368476614262e-04
-7.40909955447658e-04
-1.99697771903279e-03
1.86000667597166e-04
1.55328129225638e-05
-1.05750028171527e-04
-7.84241244309609e-04
-9.58468392422155e-04
-1.17828851834052e-03
-1.68168946478543e-03
-1.76268044004245e-03
4.30633185078994e-03
5.34960736559407e-03
8.20979722629672e-03
5.38861571774454e-03
3.64584914614801e-03
3.25634810944138e-03
-1.40712558131041e-03
-1.05956079829043e-03
-2.13200511878905e-03
-3.29658619673118e-03
-1.35270228010127e-04
-2.02626369745545e-04
0.00000000000000e+00
-2.85939569448730e-03
-2.89961310850403e-03
-2.94663797729997e-03
-9.79140683943309e-04
3.21255786808297e-04
-1.42074065118041e-04
1.19932337605845e-03
6.47730825223040e-03
6.35115269769595e-03
-1.86634164673732e-03
6.29594615286458e-03
-1.30487289453881e-04
-8.09236033200283e-04
-1.39586741900386e-03
-2.17307213106933e-03
-2.83623116158217e-03
-3.63672240218555e-03
-5.64992794434935e-03
-2.85620344021879e-03
-1.58684259875197e-03
1.10199575849880e-03
9.49323728742952e-03
7.74511615283388e-04
1.22798556313315e-03
