5.80330029305842e-05
-2.34554112197437e-05
9.59865392517669e-05
0.000130172062661731
0.000138485113566001
0.000133072039145911
1.44352712146356e-05
-0.000876986426158736
-9.9580556624872e-05
-0.000197812940704872
-1.25715550864222e-04
-1.20247938923531e-04
-3.55692707164253e-06
4.95346450715200e-06
9.89361762777795e-07
-4.05302948938248e-04
2.80671234008433e-05
4.15613824317952e-05
4.02693916683280e-05
9.12571524360976e-05
1.29902256687721e-04
2.13868843942405e-04
1.12030948591986e-04
6.19887042970660e-05
-1.36470689762954e-05
3.16022824002771e-06
4.71305819749537e-06
-5.62147468124846e-06
-8.23938078873770e-05
-1.31246549450986e-06
2.42086066384454e-06
-2.14730556909942e-05
-1.02821538544099e-04
-5.61732325771924e-05
1.31524372224472e-05
3.77381364860711e-05
3.45518290204885e-05
1.67805255004687e-05
6.44701842037592e-04
1.61122680075443e-05
1.24410113329273e-04
5.99528453098804e-04
3.28632821984814e-03
3.47328111894666e-03
1.85488454569615e-06
-2.04828939668864e-05
-3.64147319379329e-05
2.59667696391789e-05
5.60103917120576e-05
2.10184319392153e-04
1.08416772805340e-04
4.46026044172426e-05
3.95634929972228e-05
-1.63354979647314e-06
-1.50752258621157e-05
-2.03643830647423e-04
-9.69001637869857e-05
-1.09728273443176e-04
-1.13270975334266e-04
-1.35203220923124e-04
-1.42819314695241e-04
-1.16207350077105e-04
7.95705555839383e-05
1.53162510517934e-04
1.05877597058923e-04
-4.25336208761444e-07
-3.19738695842564e-05
1.46023773880020e-04
-2.10850002345544e-05
-1.45075460511696e-05
2.33536317997487e-05
6.30115815042561e-05
7.07861013147794e-05
1.33142691032007e-04
-8.50851844435922e-05
-8.47142194934171e-05
-5.72187202572469e-05
9.13346976764043e-03
1.34156087829661e-03
-5.67735130830740e-09
-1.14136629220715e-07
-3.37458309292140e-06
-1.13288692585554e-05
-1.64057989674663e-05
1.01501792062633e-05
1.27362580994197e-05
2.24418922164246e-05
2.29572657824284e-05
-8.70852962644229e-06
-1.89729098042494e-05
-2.29761023240609e-05
-4.09576813695019e-05
-6.55390821184501e-05
-5.32971876274567e-05
3.02455558700948e-05
3.73179514487105e-05
1.76371665755393e-05
-7.93346000698201e-05
-6.73032132808600e-05
-7.52857750311119e-05
-1.09737879111008e-04
-1.00731925717342e-04
-7.15576048940212e-05
9.68311542870649e-06
2.96084289467700e-05
4.52871729188631e-05
4.67778131063136e-05
2.11606206541893e-05
-1.20513530947061e-05
-2.17396211461440e-05
-7.77260639440729e-05
-2.74293181981645e-05
-1.87525744291803e-05
-1.38013040436232e-05
3.13511520758088e-05
-1.28473670989465e-02
1.29019967529038e-04
5.71908046509943e-05
-1.88029110213650e-04
-2.39035346577133e-04
-3.57413551786920e-05
2.74127592054473e-05
-4.22862273046538e-05
1.35419878620416e-03
9.33288634301318e-04
-1.80678770010253e-05
-2.86493798441401e-05
-1.08425682632718e-05
1.25063003420277e-04
1.58471105402116e-04
2.81744864415884e-04
3.94632961202040e-04
4.12868596127882e-04
4.23426585976107e-04
3.08739262495319e-04
1.61844192753726e-04
-9.06777827498283e-06
2.03673966789489e-06
1.53255243371020e-04
-5.47656357866567e-03
-4.52548434897191e-06
1.20954985331060e-04
1.39977066070765e-04
1.60812352576269e-04
5.92830723605269e-05
-1.71225469286119e-04
-2.95521048007133e-04
-3.62566748592096e-04
-4.72054575064170e-04
-4.50188578145323e-04
6.71084867671942e-05
9.33020126736036e-05
1.15969551590829e-04
1.31011293925711e-04
1.74534852694501e-04
1.79221158720727e-04
1.83028562147271e-04
1.84913690148835e-04
1.83790995297310e-04
5.47972785773870e-05
-2.55259142314114e-06
-7.19153950399739e-06
-1.17120263774787e-05
-1.06942990959637e-05
1.67167884306200e-05
1.37853947148584e-05
-5.16294986046809e-05
2.40141280725176e-05
-1.39024655717114e-05
-1.50078919354624e-05
-2.36602768015190e-05
-2.96259713852878e-05
-3.09330212638679e-05
-2.22998966796001e-05
9.54534003168186e-04
6.84366114415463e-05
-6.40530549973931e-04
-0.00000000000000e+00
3.89918257643143e-05
-2.71808001720134e-05
-4.21539276237636e-05
-3.07529855055154e-05
2.61350794566428e-05
2.62630931768670e-05
1.63578371113409e-05
3.75883973990410e-05
4.82577577129376e-05
5.90290578309543e-05
6.61210446068291e-05
7.97956695254665e-05
8.73442181418563e-05
5.88038042472340e-06
-5.18907919079303e-05
-8.50642703826838e-05
6.95712522072999e-05
7.09858079544880e-04
2.52556522747265e-03
4.58341369593624e-04
-1.49712703339575e-04
2.69610916024399e-05
2.54405551536839e-05
6.80091484166464e-06
-5.25388033753254e-06
-2.09366687325972e-05
-4.81283540413073e-05
-9.85605362410170e-06
5.68808756267295e-06
2.24210362692122e-05
5.48663975076348e-05
5.71832399410016e-05
-3.24738698329583e-04
4.10223678006522e-04
6.44591286094934e-04
7.81574888922661e-04
8.73832506187617e-04
9.97930885617895e-04
3.46179619819587e-04
-4.00928922995096e-04
-1.77420403760465e-03
-7.95582995796235e-04
-1.21659613229190e-04
4.64766561618256e-03
3.41747383787951e-03
-4.14707539149461e-04
-1.60538671851928e-04
-1.65502170121061e-04
-2.25841152880222e-04
2.47418319215170e-05
-5.55473004561357e-05
-2.13240950303298e-03
-2.76842929499504e-03
-2.33965780058542e-03
1.44315714222084e-05
7.31973356414253e-06
-3.34227166148630e-05
-3.35483817193503e-05
-4.48751410334854e-05
-3.12694630987034e-05
1.85616243623861e-04
4.76311018157317e-04
3.07844903654143e-03
1.82859321603590e-04
8.49060590565450e-05
2.13988977094720e-04
1.99511064928473e-04
6.58050046704293e-05
4.23094292431136e-06
1.73911001007476e-05
2.47176611110347e-05
3.37335330915041e-05
-4.20880314081779e-04
-1.73735174942366e-04
-8.62634088001793e-05
-3.37850099614827e-06
-2.11551433567091e-05
-3.85426441926527e-04
-4.46566263054807e-04
-4.95128459964709e-04
-1.55897937437091e-04
-1.31542328110794e-04
6.88755394701881e-05
1.19895268563955e-04
2.27444532452551e-04
4.72946034213335e-04
1.73226726347085e-03
1.95572672786196e-03
1.25879598559125e-03
8.45013794257118e-04
0.00000000000000e+00
1.33742316479815e-04
8.14774773704508e-05
6.11797672976179e-05
4.75795292764588e-05
4.33989075638561e-05
5.90703270695476e-05
7.82530979475777e-05
2.11276815730681e-04
5.64827692777706e-04
3.54703532353417e-03
-3.43207459908511e-04
-3.87104679655473e-04
-1.54177267082947e-04
-1.29044576423661e-04
-4.67127639041958e-04
-5.77298492896070e-04
-6.99950081540931e-04
-9.93521987296697e-04
-1.16674967058345e-03
-1.74072017065065e-03
-1.91100678878434e-03
-1.43580104872526e-03
-9.72894883993768e-04
-3.52394241027447e-05
-1.19179298783295e-05
-2.83753870111551e-05
-6.60843813231096e-06
7.83849056878678e-06
4.56738670755816e-05
3.44648946080602e-06
-3.22207564720452e-05
-3.79233801822019e-04
-1.94564272768603e-04
-3.20247497396607e-06
0.00000000000000e+00
2.47187995105652e-05
1.54359507073831e-05
-2.85114673550321e-04
-2.94976031690995e-04
-2.93527216601756e-04
1.42454443129965e-03
1.97214685240577e-04
-1.11032428800110e-04
-7.32234585871049e-04
-8.10486830726502e-04
0.00000000000000e+00
-4.99021062314649e-05
-6.74832551710844e-05
-1.95013279175547e-05
-6.94007899577124e-05
2.97525945131015e-05
2.86368492734747e-05
2.76460864203285e-05
3.23848736735893e-05
3.79715279828032e-05
5.91698076665396e-05
5.76524152231591e-05
4.55353836620438e-05
4.51298364910905e-05
-1.30216819302613e-04
-1.82363321232896e-04
-2.66514238273577e-04
-4.52012825053762e-04
4.75653047429579e-04
-5.44025651829597e-04
-7.13074808375272e-04
-5.86646601577729e-04
-5.66539863764954e-04
-5.34843910601288e-04
-3.12608848036112e-05
-4.07458630675627e-05
-8.03544913578201e-05
4.95678562323797e-07
1.04231723627339e-05
5.25635202973220e-05
6.70374554790924e-05
-8.52560007815619e-05
3.21214538686563e-05
3.85811844459488e-04
-9.20487929479765e-04
-5.24559006576992e-04
-2.86707164962348e-05
-9.39905502983267e-06
2.92711332941450e-05
3.98117195599070e-05
5.13659648582018e-05
1.03665936315206e-04
1.32700961427349e-04
1.35444670630629e-04
-3.49865590538536e-03
-2.18362027656631e-03
-8.75817084441266e-04
-3.52246412230124e-04
0.00000000000000e+00
9.13114327688221e-05
6.01474442261885e-05
5.40409230556347e-05
1.52143471789904e-04
6.06172262371017e-05
-5.21062600523321e-07
-1.50672492959452e-04
-2.93962433735292e-04
1.82939507437598e-04
-3.02629401934008e-04
-4.67241778900390e-04
-6.30108617507114e-04
-5.09016965211607e-04
-4.35904438279158e-04
-1.41395096902073e-04
1.21684633793717e-05
3.78221653448058e-03
-4.65124867536864e-04
-2.03178637707571e-04
-1.17256829533113e-04
1.77985061069014e-04
2.90528182704397e-04
3.87241437606255e-04
-4.96343456902304e-05
-5.28947425051208e-04
-5.18702428373158e-04
-5.39191507705438e-05
-3.35592843324864e-05
-4.10906331223438e-04
-3.87507360762955e-04
-6.92426987376463e-04
-2.26774090041887e-04
-4.47985024364993e-04
-5.66111088555780e-04
-4.13083670018330e-04
2.03473067464437e-04
6.98021225275062e-04
8.45374689887713e-04
-2.69828563257032e-04
-5.17708685587559e-04
1.45137418782389e-05
2.16121424105663e-05
3.36323236936951e-05
7.55297188986239e-05
1.01321641274236e-04
2.00781263128528e-04
1.83656783294849e-04
1.43937119880949e-04
7.86316977191080e-05
6.42623353091415e-05
5.71726128508848e-05
7.54853782937515e-05
1.00031017543246e-04
8.70558575834654e-05
1.67695198053677e-04
2.38391736584225e-04
-3.72358920799427e-05
-4.63928705000192e-05
-1.50759240646105e-04
-1.13971547319724e-04
1.57987835728482e-04
2.05250896962298e-04
2.24913231783175e-04
-9.29009957948220e-05
4.25520827471061e-04
2.68264814564565e-04
3.77390395886289e-04
-8.38376492690826e-04
-1.31561363554865e-03
-1.61495014314914e-03
-1.82324131850221e-03
-2.08198008667027e-03
-4.01451616660206e-03
-1.15955275456480e-04
1.27251607764966e-03
1.36068057420181e-03
1.14216086244874e-03
1.07395536077034e-03
-5.14670726858485e-04
-2.61910315468447e-04
3.32263455964430e-03
1.16232639114832e-03
5.96599868518074e-04
-6.01540192472403e-04
-7.65676706534092e-05
3.77624104438284e-04
6.50268512346921e-04
8.77087157814797e-05
4.80499565852381e-05
1.58317548178743e-05
7.65255593769929e-06
3.21960533497835e-05
-3.63041997850025e-05
-6.34761506985014e-05
-1.33389209874451e-04
-1.47668970677092e-04
-9.14916544668128e-05
-0.00000000000000e+00
-2.86247582503747e-05
-6.09722367221304e-05
-7.67037683939022e-05
-8.87911148865025e-05
-1.68485504588343e-04
-2.27656167717513e-04
-2.81819635226588e-04
-2.88562669189925e-04
-1.77103920819914e-05
1.27436564591091e-04
-6.50354217337193e-07
-8.91444579982818e-05
-8.49255012263405e-05
1.31934630995072e-04
3.28713863732574e-04
1.38415153166369e-04
-1.00590416695560e-03
-1.58812851584203e-04
-3.01256835025359e-04
-1.08124541524062e-04
-4.06876938824121e-05
-2.69669646173013e-05
-1.45250028781145e-04
5.96696033634978e-05
1.97673587267018e-05
9.01294701595470e-05
-9.00547269633102e-03
-1.73177095659123e-05
-1.92513362707885e-05
8.13588477603490e-05
1.40890734472452e-04
2.19615970666165e-04
2.91190082123586e-04
2.92975068410787e-04
2.56125540890385e-04
1.26885557315292e-04
8.43847282985052e-05
7.05790186561970e-05
5.12777220591468e-05
4.74025835460779e-05
9.33736496503407e-06
1.81413186106031e-05
1.69129204733069e-05
8.36535972532477e-06
-3.06580607803970e-05
2.45562563000318e-04
-5.63342398312523e-05
-1.11869305256010e-04
-1.70378107571385e-04
-3.01274439883187e-04
-2.80767112596397e-04
-2.92109336599980e-04
-3.98037173366305e-04
-6.44958291404033e-04
-8.76919015311562e-04
-3.61957771118247e-03
-1.10476208277082e-03
2.31100873384167e-05
2.97577308930246e-05
6.28843248585428e-05
1.37176373177543e-04
2.90060624494789e-04
4.59253797240688e-04
5.12737172212172e-04
9.74594794357840e-04
1.15889855849394e-03
2.21951046586694e-03
0.00000000000000e+00
1.29892561182525e-04
1.26472445543196e-04
9.56538996370153e-05
7.41361716153524e-05
1.21121111597454e-04
3.02261348776314e-05
-6.88376690301509e-06
-1.21419484438132e-04
-1.36228727094744e-04
-7.01647662954795e-05
-1.91130122375390e-05
-2.96762933347562e-05
-1.09689327397845e-05
-1.87348527271451e-05
4.03701225866283e-05
3.74341733376370e-05
6.16181064246816e-05
5.18478782633943e-05
3.69906873689755e-05
4.10037697634333e-05
5.04890713717470e-05
2.01690230622036e-04
-1.36104543806052e-02
1.38984586535413e-05
3.03050172958192e-05
6.20349247862702e-05
7.38984588543375e-05
2.39368748225108e-04
-1.18864423503416e-04
-3.38725904917793e-04
-6.13465531804635e-04
-7.02963981550623e-04
-8.81016982634042e-04
-9.03817174993990e-04
-1.99510442907531e-03
-2.24765474633206e-03
-2.60228584947938e-03
-2.62961639701100e-03
1.98060135383595e-06
4.45685562861238e-05
4.06550813107633e-05
-8.40908797148821e-05
1.06259365447977e-04
2.40384128487350e-04
3.00418821355182e-04
3.27514180703273e-04
3.38906282029101e-04
-4.38554628491945e-05
-1.20608481082560e-04
-1.26522657651127e-04
-1.44084775909458e-04
-1.61501941774669e-04
-2.69462593327180e-04
-2.95502894207696e-04
-1.80577375458942e-05
3.28596028389749e-03
2.51739059452690e-03
1.67352653313214e-03
-5.75129415909446e-05
-6.57414450983124e-05
-6.10303747036732e-05
-1.35779907679654e-05
9.36571225747781e-06
2.51875197159200e-05
6.02142085297721e-06
-1.72168302248696e-05
-1.99205496826100e-05
7.59477608891323e-05
4.09299481761543e-04
1.43031268140247e-05
-1.09737456785899e-05
-5.74522491103255e-05
-7.09498290275692e-05
-8.13838920541505e-05
-9.76135947429394e-05
-8.61166969468839e-05
-1.00178407325157e-04
-1.13129599128584e-04
-1.66657413818726e-04
-1.33394704769314e-04
3.94595070455469e-04
1.52654490639664e-03
5.90063647725417e-04
-7.80263497473264e-06
-2.81056946642364e-05
-4.04064382282925e-05
-5.64763198113286e-05
-6.09485035724837e-05
-7.32779731174193e-05
-1.54976063768560e-04
-2.05814799975635e-04
-1.08791405921030e-04
-3.11507025422986e-05
-1.21591747184268e-05
-1.47937436190069e-05
1.83543788645108e-05
5.94300161243574e-05
3.33895380871728e-04
7.95739201310906e-05
-1.81809363535034e-04
-3.00959563393865e-04
-2.29017223191936e-04
-1.47617526631373e-04
-1.01544481621725e-04
-6.59325280707059e-05
-3.59764375965125e-05
5.88127116678221e-06
6.64253829484112e-05
-6.37974576838024e-03
-5.84470966022094e-03
6.84135518145175e-04
5.34292506930820e-07
8.64029085563446e-07
1.88183984640482e-05
2.62715289754836e-05
-8.60789723050995e-05
-2.94470435727122e-04
-3.47708815221133e-04
2.82998988319263e-04
9.29070020623929e-04
2.35958351552944e-03
0.00000000000000e+00
-1.06005205954666e-04
-1.07968444157691e-04
-1.15973522830455e-04
-1.17541578007823e-04
-1.08783635267226e-04
-7.94146678259887e-05
-5.95218772720042e-05
7.42906125418307e-05
6.92029863087284e-05
6.23476575272635e-05
3.04477825579197e-05
1.80106431984437e-05
2.17248879949243e-03
2.09545258909453e-03
0.00000000000000e+00
4.80028843222014e-05
2.25142963665148e-05
3.39411205833399e-05
8.02008512392813e-05
3.15956340108353e-04
2.92423570500586e-04
3.69743338520157e-04
3.53933452387985e-04
3.27541823713356e-04
2.95257272698771e-04
2.08323995307763e-05
1.10567399703388e-05
2.20212105942062e-05
-9.35343404054810e-05
-7.07122017015488e-05
-1.20964773443243e-04
1.87150637776262e-04
9.19679685176223e-05
-3.15493349115187e-04
-5.32588992525856e-04
-6.05418767034847e-04
-7.01250291818473e-04
-7.56943481501628e-04
-7.32519011412606e-04
-5.37812170823336e-04
-5.42937976629892e-04
-5.59435387454787e-04
-1.00346106433591e-03
-9.31270521965750e-04
0.00000000000000e+00
-1.06486921737009e-04
-1.88175592139895e-04
-2.70792947015534e-04
-2.01382814951625e-04
-1.97790566810987e-05
7.94927131650667e-05
9.71084273932740e-05
9.37750608072675e-05
9.77605998859594e-05
9.71743578106746e-05
-1.17578803537015e-04
2.13758354083667e-05
4.37852649997819e-05
6.02670812895179e-05
8.20072117801345e-05
4.81040227499443e-05
6.01705675750965e-05
3.60038766474789e-04
7.48978808658791e-05
-7.27802414060792e-05
-9.48072054859778e-05
-1.26899011948148e-04
-1.57274014546014e-04
-2.25065583434599e-04
-2.48225575997093e-04
-2.55395207653650e-04
4.50060535325921e-05
3.32025377754743e-04
2.72717688093970e-03
2.81022841802921e-03
-1.93166317310535e-05
-3.56741033489726e-06
-7.05621037730288e-05
1.31815776400910e-03
4.29277455946737e-03
6.45214967045009e-05
2.22169953407382e-04
2.79244082132767e-04
3.47391811093252e-04
3.40524525573050e-04
-3.07305785563689e-04
-1.13487626876707e-03
-3.16945427812746e-03
-2.91910208677137e-03
-8.90138374693986e-04
-0.00000000000000e+00
-8.47326475580534e-05
-1.01078793850706e-04
-1.19022640223667e-04
-1.49517706225319e-04
-2.25588459146153e-04
-3.50077190316046e-04
1.64263713391937e-03
0.00000000000000e+00
3.69396476687986e-04
2.65067799580961e-04
2.22243544576577e-04
6.04273631080738e-05
1.59350524627113e-05
1.77640077173972e-06
-4.09319607677371e-05
-1.69695358300572e-04
-4.96779096409326e-04
-5.19913012987569e-04
-5.56069392876744e-04
-4.60539950244533e-04
7.47791987514739e-04
-6.49775888702463e-06
-2.69590575505153e-05
-6.05378098381043e-05
-5.90864121544475e-05
-1.44367477294456e-04
-2.45088460172616e-04
-1.22387741435161e-04
3.75225664389072e-04
4.80187253428823e-04
4.40775571135828e-04
-4.07591423385615e-04
9.47941739159907e-05
5.79018353359365e-05
4.06469535570657e-05
3.51525508880899e-05
1.86468307480403e-04
3.15212892491127e-04
2.84444139270430e-04
2.79079504871519e-04
-2.64126015990877e-05
-1.18068632003407e-05
7.72039867086544e-04
2.14583492738888e-03
-8.98122529642398e-06
-5.03571356240982e-05
-4.24912740124874e-05
-2.47434861481302e-05
-1.65087008949219e-05
-6.23167074427179e-05
-3.92238653345018e-05
-2.18342209546253e-05
-2.77517643320036e-06
9.09451364710023e-06
1.65939140534523e-05
-6.55947274155056e-06
4.75492754919554e-06
3.55591241013967e-06
-1.71015011546142e-04
-1.79642614712479e-04
4.32868804944531e-04
6.02161884313424e-04
9.91369879799553e-04
1.57328031614625e-03
1.11628954416208e-03
8.71176786889035e-04
4.35638831923738e-04
-5.76616962646203e-05
-1.64890102222543e-04
-2.02676176545218e-04
-2.83328100317774e-04
-2.04900297288650e-04
-2.32773210039193e-04
-4.59691265025146e-04
-1.01182096523194e-03
-1.39264656521374e-03
-3.13776483579008e-03
-3.63290852297027e-03
6.63835327228294e-04
8.21999676589755e-04
8.85472507357424e-04
-3.78836814151426e-04
-3.49478384603947e-04
-3.76209473094914e-05
-1.35529526229678e-04
-1.08332337257649e-04
-2.00874541040914e-05
-3.19138038728496e-05
-3.18079896691371e-05
-2.16079391636499e-05
-2.13700712432999e-05
6.87264227137175e-05
8.28426873028932e-05
1.44742746274364e-04
2.14228682520549e-04
7.17965523624462e-05
4.23791255731444e-05
4.46845961540047e-05
7.57642634049479e-05
2.68413208909137e-04
2.04520333943647e-04
9.33816584433072e-05
1.55978487276906e-05
-3.49012380346102e-05
-2.31915623156162e-04
-1.01343028009331e-03
-6.09306479380327e-04
-7.26244065793660e-04
-6.66462856945690e-04
-6.86102967432301e-04
0.00000000000000e+00
3.10534135754506e-05
2.49223057761043e-05
-7.87926096570309e-05
-5.97018250918170e-06
3.32591025412590e-06
4.05733700799222e-06
5.74525268103406e-06
3.36287703526194e-06
4.49532297794425e-06
-2.24871017087359e-05
-1.60731106605733e-05
-1.03397459252057e-05
-6.55376317070304e-06
-9.11465430602851e-06
-7.43079362648277e-06
-7.94858842313082e-06
-1.72871938169620e-03
1.83508562051687e-03
-5.08954980853245e-05
-1.71504618805561e-05
-4.21975931301148e-05
-9.16589731343296e-05
-9.52500046850014e-05
2.56850822299298e-04
3.46231811687584e-04
4.88376121266938e-04
1.18427720821746e-03
2.13463115355127e-03
2.52801781537228e-03
0.00000000000000e+00
1.48026052380203e-05
3.90666650052559e-05
9.92936803180944e-05
9.41941168618142e-04
-1.25411561990953e-05
4.21831894479935e-04
1.22302680504278e-03
-0.00000000000000e+00
-5.36057997385278e-06
-1.78032872180268e-05
-1.28043066249752e-05
1.00353874222227e-05
2.54610568069091e-05
-1.14756527422725e-04
-1.09041477354696e-04
-1.05575791132003e-04
-6.22900111476768e-05
-3.76551930634597e-05
2.67466476257530e-06
8.48651088929831e-06
7.29544041858535e-06
1.22418735192663e-05
2.77129986024051e-05
7.64907278055240e-05
8.92681311999040e-05
1.29400011592210e-04
1.71086885234899e-04
2.92041985003377e-04
-7.29689382942177e-05
-7.60262034815830e-05
-1.25608304862404e-04
-2.76396408253108e-04
-2.24141160056382e-04
-2.24051275270268e-04
-7.09479031844350e-05
2.94028142994099e-04
2.66425854199583e-04
9.31999365895407e-05
5.96171852330609e-05
2.24432820069750e-04
3.54085137419078e-04
4.16544425091340e-04
6.93337895903699e-04
1.19975280007287e-03
4.57477656970696e-04
5.55038589275882e-04
2.09274679098063e-04
2.20106173176734e-04
3.44051486114797e-04
4.39644872667750e-04
6.62484305407002e-04
7.40983738615797e-04
-8.92036656588515e-06
-2.57243489902955e-04
-3.12786135591132e-04
-3.03694542117946e-04
-2.47582346845428e-04
-3.88439046623663e-05
-1.33713517799367e-04
-1.27037357400618e-05
-1.43944619268971e-05
-1.66983862601405e-05
-3.45721834761362e-04
-3.62817138725864e-05
-2.15879963900200e-04
-2.55969209883977e-04
-2.38913126991952e-04
3.60516822182784e-04
5.58214231384597e-04
1.05070960934902e-03
1.62632036156623e-03
2.17003700728478e-03
1.66312093311743e-05
2.27049255320199e-05
1.23384873634044e-05
1.58356508785758e-05
1.80615326665528e-05
1.41687355480463e-05
9.94661618160346e-06
2.79917951945295e-05
-2.78284277503712e-05
-3.67971287773234e-05
-9.16740456016839e-05
-1.19669924562339e-04
-1.65023714099803e-04
-1.90938412718445e-04
-1.44994466625191e-04
2.08099478213846e-05
4.28971019433444e-05
-1.73904201402689e-05
-5.04505127591189e-05
-1.15165989074183e-05
0.00000000000000e+00
-2.39071136220306e-04
-2.78485253059903e-04
-3.75185801937321e-04
-2.95198246115881e-04
-1.33316057490872e-04
-2.78080480331050e-04
6.67165095373128e-05
2.34643225492489e-04
1.85086489463986e-04
-7.18271628078152e-04
-9.99344527099374e-03
2.10994886622881e-04
1.25422477629781e-04
8.90539514258578e-05
1.09694399858750e-04
1.20008667542306e-04
1.29171482282769e-04
1.47378387176099e-04
1.05010358404124e-04
7.76239930364220e-05
-4.40178812440874e-05
-8.33842901620356e-05
3.47867564120125e-05
2.04329528384631e-03
