-5.1432055841144e-05
-0.000290129029394572
-0.000181850877794515
-9.76846602098767e-05
-7.13066199445009e-05
-0.000112040372033168
-0.000125722785420693
-0.000237834206629612
-0.000280001316205402
-0.000306289386685069
-2.61402754040113e-04
-1.34591198983408e-04
-1.65208445831809e-04
-1.66227677973830e-04
-1.46139580845623e-04
-1.89786958469154e-04
-6.48019049750632e-05
-1.30395579474410e-04
-1.70011236268477e-04
-1.07574627656545e-04
-9.53772702080202e-05
-7.02559033259146e-05
-8.88755869714418e-05
-1.89432659752933e-04
-2.28389989396657e-04
-1.66831813709636e-05
6.02859353559673e-05
6.43815826660170e-05
5.58250338034656e-05
3.64670175497919e-05
-3.06323279390775e-05
-5.71105538699432e-05
-1.24221891667243e-06
-2.83751909968637e-05
-6.15699430513030e-05
-7.44628968402260e-05
-8.84090639838539e-05
-9.51158294858654e-05
-1.52794396609959e-04
5.62613911869783e-05
-2.29719289866491e-05
-1.56659923395890e-05
1.62480454381655e-04
1.31172572227854e-04
-3.91945550116412e-05
-4.61298737579549e-05
-3.04969863902025e-05
-2.08709879440590e-05
-4.50827059571304e-05
-6.32607701660867e-05
-5.19924221553289e-05
-1.34659351920106e-04
-1.32505992408435e-04
-1.13108779271126e-04
-8.79814883236055e-05
-6.76745740088886e-05
-2.28737656233531e-04
-2.18224406650341e-04
-2.09350763846733e-04
-1.77107852268893e-04
-1.62873212681380e-04
-1.70406361506988e-04
-2.75723463615458e-04
5.26263365946629e-05
1.16475089694990e-04
2.04179956692862e-04
1.13631392630485e-04
6.50583751680987e-05
3.65372156289986e-05
5.55548108984588e-05
4.54645934641428e-05
3.18702153716809e-05
8.44423725736622e-06
-4.25814329186671e-05
-1.25461629655206e-04
-1.04908408622107e-04
-1.27075962189748e-04
-1.38250494570135e-04
-9.15436084012531e-05
2.64672383181344e-05
1.67381249254872e-05
5.00182412461606e-06
6.86004008963586e-05
8.91110607526520e-05
6.14416679464385e-05
5.29499276832091e-05
-1.66016378776562e-05
-3.50746206637172e-05
6.75434800571743e-05
9.99568795005871e-05
9.87122629011095e-05
1.10069037715453e-04
1.04053943248827e-04
-9.48319518337022e-06
-5.41335900545949e-05
-7.37864144874926e-05
-8.86298565885328e-05
-1.14404753997551e-04
-1.00055705474914e-04
-8.90890317916741e-05
-3.10773628282231e-05
5.97710643131824e-05
-9.90676699622237e-05
-9.41083520331730e-05
-7.23519314451156e-05
-3.97276889334517e-05
-2.82211689123010e-06
2.62067434039402e-05
3.16081954839575e-05
1.30346161824847e-04
1.58674393955972e-04
-5.24228998720482e-06
-1.68380277629273e-05
6.76025056120374e-05
9.64938225809690e-05
5.59204363187109e-06
-8.80707373543512e-05
-1.34956814474140e-04
4.00280012839605e-06
4.62401593298171e-05
-6.46157040248114e-05
2.47238256377408e-05
1.44634049486199e-04
1.85625265929360e-04
1.78751014917285e-04
-1.21121096431049e-04
-1.45339644224488e-04
-1.85887237669191e-04
-2.49080646067265e-04
-2.69436455346925e-04
-2.62088265471222e-04
-1.94110001224523e-04
-1.72860339938567e-04
-1.51587857023240e-04
1.70000057515507e-05
7.40493782359747e-05
1.09135233565174e-04
8.96708902922160e-05
5.19760111136716e-06
-1.97037156559074e-04
-1.60155634129136e-04
-1.61601528596967e-04
-1.53406571967413e-04
-1.49501433918773e-04
2.70117375844432e-04
3.95557713572715e-04
4.91974051572465e-04
4.25138557683569e-04
2.44915382576917e-04
2.11174121234650e-05
-1.13574599887272e-04
2.53425805177903e-05
4.78079320782503e-05
4.08101942516853e-05
7.96704897338360e-05
9.33538390481788e-05
1.19196146191686e-04
1.28929753012708e-04
1.33866680780878e-04
-8.29814175514821e-05
-2.02699982454905e-04
-2.16189819547609e-04
-2.35152064164313e-04
-1.13185832214531e-04
-8.45402564046384e-05
-3.57857134414199e-05
2.77182382686889e-05
7.08261017880712e-05
-1.02623219467148e-04
-1.13674922909108e-04
-1.71336878139485e-04
-1.38643976914505e-04
-1.53536992985508e-04
-1.52705345323007e-04
-1.00401958824638e-04
-5.67869539887525e-05
6.47091358870899e-06
0.00000000000000e+00
1.20812962339899e-05
-3.45408241853008e-05
-2.74265783399823e-05
6.86047892483981e-06
2.86384021730235e-05
1.34954650382994e-05
-2.80472653764541e-05
-1.67057410472571e-05
-4.90736713915984e-06
9.38431339328766e-06
2.67923251842760e-05
4.73680500174413e-05
1.37665674061074e-04
2.50942979760756e-04
2.15413141224938e-04
1.85337656603874e-04
1.13017792707391e-04
7.64735956581657e-05
4.30898763931699e-05
-7.15265295112674e-06
-3.30531018496357e-05
-5.70933851369594e-05
-1.17697499460831e-04
-1.61498573030751e-04
-1.37110796376843e-04
-1.50121744141444e-04
-9.07655324835020e-05
-1.58951774218756e-04
-1.33415779903730e-04
-1.17100862363192e-04
-6.70028701379535e-05
-6.01918773171031e-05
-1.08843542590087e-04
-3.78672403902046e-04
-4.23366836122615e-04
-4.58346136368021e-04
-4.76817689666012e-04
-3.46264452632746e-04
-3.51225554585742e-04
-1.87037199890157e-04
2.07058533960506e-05
-2.54909574222063e-04
-2.36298608102610e-04
-2.34865128268318e-04
-2.62226546025026e-04
-1.80315187736930e-04
1.14826582732121e-03
9.42838501761819e-04
-7.20728755618954e-04
2.95621431355944e-04
1.53343023243992e-04
6.96417942276692e-05
3.10049427134963e-05
-1.31892937024579e-06
-1.74850981754693e-04
-1.72190668873831e-04
4.75601161453694e-05
1.71999033476635e-04
7.69795542611775e-05
3.39331730969967e-05
-7.53187069438694e-05
-1.19194754329361e-04
-1.88420100478254e-04
1.84683011322025e-05
-6.74711774639426e-05
-2.30311279997073e-04
8.58863818477104e-05
1.99540798822168e-05
4.30697384034805e-04
6.29693237764886e-05
7.21581402414523e-05
7.13854058975819e-05
3.16512000180721e-05
-4.85300020070095e-05
-2.78888404785519e-04
-3.62394483439170e-04
-4.76606999580100e-04
-2.61551577398010e-04
-2.49471499495583e-04
-2.43836353449443e-04
-9.32604983294617e-05
1.42308405119790e-05
5.39620495631301e-05
7.03504631260491e-05
1.18840764323252e-04
1.34983750238729e-04
1.74697920463079e-04
1.52257630564010e-04
1.42650790467870e-04
1.07028145835150e-04
0.00000000000000e+00
-1.52754114505965e-04
-1.59000073085941e-04
-1.41749647170171e-04
-1.06465000924350e-04
-8.86004410925815e-05
-2.37345099788982e-05
-1.69762517390267e-05
1.03402380714107e-05
5.37612972094911e-05
4.25572884498351e-05
-2.08681619203794e-04
-1.77689649825644e-04
-1.89439953185049e-04
-2.14330603433183e-04
-9.68025065691878e-05
-6.32346070173399e-05
-2.86683105408450e-05
3.74358188804555e-05
6.78030777466997e-05
1.43130010759820e-04
1.78141647715212e-04
1.95812749326934e-04
2.00505971923098e-04
2.05779154231890e-05
-5.53984550501089e-05
-1.00672839013083e-04
-1.36739104914760e-04
-1.36577333619802e-04
-5.47126667776892e-05
-1.59104610408995e-04
-1.69211290612809e-04
-2.22274778105989e-05
-2.15780638861660e-06
4.74378424739353e-05
0.00000000000000e+00
-5.04312801372723e-06
7.03867083660849e-05
9.95838301373160e-05
1.09175676911997e-04
1.36844887781826e-04
1.39628404129068e-04
3.40080142730458e-05
2.06967739806924e-05
3.24246840830452e-05
4.52101381896569e-05
0.00000000000000e+00
1.93868338256082e-06
7.63451608343691e-05
1.01398776834636e-04
-8.95443657097498e-05
-1.36439615323566e-05
-1.65925661301613e-05
-1.53978254257876e-05
2.98992531025642e-06
1.85103644058591e-05
-4.05390192617131e-06
1.40873259157976e-07
1.77842326502556e-05
3.25981028502839e-05
1.87611611020784e-04
2.19568107367481e-04
2.56600566244286e-04
2.95791666472294e-04
2.10352038941369e-04
1.24919267895295e-04
1.17808377393276e-04
1.62564797140943e-04
1.79989951565154e-04
2.15230443569045e-04
4.21962821310931e-05
-3.04430406133692e-05
-1.28903706744451e-05
6.17355865083850e-06
7.67127622775105e-06
-6.20117119749253e-05
-5.77085299530958e-05
-5.77707846943460e-05
-7.26662122116058e-05
-7.85914312652955e-05
-5.97329509566867e-05
1.29519743729788e-05
-1.78950101990009e-05
-3.48898937936681e-06
3.03972278150237e-05
4.53984964823674e-05
6.47804769496131e-05
1.13639503064971e-04
1.29537026222902e-04
1.01811569168868e-04
2.69104749481996e-05
1.73222643976656e-05
3.33377282553477e-06
-6.77318315528199e-06
0.00000000000000e+00
1.14121815344189e-04
-3.84679767783686e-05
-1.28593555811738e-04
1.34318647611971e-04
1.51813118915828e-04
1.68140616263422e-04
2.04408344304060e-04
1.48976133844119e-04
3.34168787717891e-04
9.68389156825896e-04
1.33611107381950e-03
1.55798474370963e-03
1.27427119555320e-03
7.09564365668923e-04
-9.71461169963095e-04
4.37975225691150e-04
-3.32605995186209e-04
-4.67235752673395e-04
5.13653219671255e-04
5.05453306445356e-04
2.83418885146556e-04
1.01736240914176e-04
-1.05351777589333e-04
-1.18244745057047e-03
1.40189131744748e-03
1.56856866433648e-03
3.83844901420662e-04
3.11013996119532e-04
5.03524645093186e-04
1.50145988219932e-03
-5.94517200610577e-04
-6.98555413503890e-04
-1.51757652277569e-04
-1.22909152234084e-04
-1.32173146825683e-04
-1.56244827122715e-04
-1.81183864938521e-04
-1.96432210714717e-04
1.03526189252308e-05
7.69086384506134e-05
-5.84075885031025e-05
-5.50133672623772e-05
-5.00627718785858e-05
-3.86298210873498e-05
-3.09284189131320e-05
-5.97785332353560e-06
-1.17857994467757e-06
6.06840174870563e-05
6.58707120062228e-05
6.85734874580714e-05
4.81886473697293e-05
5.31053077415273e-05
6.84559061682479e-05
1.08385741530943e-05
1.38908036586909e-05
1.26620103603568e-05
-1.31025296859172e-04
-1.56727985854220e-04
1.75225948894120e-04
2.03785173315273e-04
3.42977571077228e-04
2.42849587959874e-04
8.18182779138983e-05
-1.90595015333352e-05
-1.18592186248297e-04
3.63095908166014e-04
6.25329910438259e-04
1.38843101638373e-03
1.29655299428540e-03
9.61830162866217e-04
7.09197489625007e-04
4.78829928684358e-04
-5.88413592526604e-05
-2.78798553162309e-04
-1.35125271468622e-05
1.45437751088693e-05
-1.26738228525549e-04
1.58957991332008e-04
5.23230411417544e-04
2.45168356248469e-04
7.07997056136840e-04
5.80695140084265e-04
4.48317350008559e-04
-1.24068786893765e-03
-4.98753754673221e-05
-3.47196800118789e-05
6.29123678069604e-06
5.73497906248392e-06
-9.20621266499199e-05
-1.40824084944930e-04
-1.34836459292432e-04
-1.25267085065831e-04
1.36986495644059e-04
1.43350974935964e-04
1.62846393337693e-04
1.65594993766970e-04
1.41432005363909e-04
0.00000000000000e+00
5.71869270221916e-06
-4.54420656203671e-05
-5.69613284450942e-05
-6.68302770931628e-05
-3.68462191881203e-05
-1.37579601896247e-04
-1.91123103789006e-04
-2.76277386916784e-04
-2.84558287232124e-04
-2.45561306728554e-04
-1.90014571819668e-04
-1.20106900369913e-04
-1.09153309803085e-04
-1.08504623043658e-04
-1.50040076523087e-04
-1.51735147147117e-04
3.42567357757465e-05
-8.40067030120023e-05
1.57901369055716e-04
2.11545593557907e-04
1.99734792933943e-04
3.60012792240906e-06
-4.06177997360210e-05
-4.92182475272612e-05
-1.24188404717288e-04
-3.97911989910064e-05
-9.24688507290422e-06
-1.12578474923917e-04
-1.11786442793457e-04
-6.89112544907796e-05
-1.71189406683944e-04
-2.13104296227876e-04
-2.47687781949494e-04
-2.43955693473777e-04
-2.11484592076910e-04
-2.24809358516435e-04
-2.05041335552002e-04
3.04188482022494e-06
8.84120536281261e-05
1.19661803206590e-04
1.53570734269055e-04
-4.72803087982403e-05
-3.18116844302848e-05
-1.91257115132918e-05
-1.30768783634184e-05
-1.09974954616947e-04
-1.25346010878803e-04
-1.26996647565309e-04
-1.30190052763171e-04
-1.08329868435455e-04
-2.45542437652927e-05
-2.01603173705211e-05
-4.86494067002161e-06
4.05968003368736e-05
7.95169302850894e-05
2.20919977080296e-04
3.61273528418576e-05
-1.00311286111144e-04
-1.48658106854717e-04
-1.89049703256276e-04
-1.01199647721701e-04
3.46723462311632e-06
3.88857599361596e-05
4.55850637968394e-05
8.52993316473609e-05
8.37311714178474e-05
1.98845202022182e-04
0.00000000000000e+00
-1.36537666613903e-05
-1.36801201400503e-05
-1.03310562646790e-05
-4.00469411966149e-05
-3.54762586636160e-05
-4.35055741219332e-05
-3.98907831041532e-05
2.21625182245171e-06
1.11924465651419e-05
2.37716757374589e-05
-1.88354917520299e-05
-1.39388550232119e-04
-8.02708341829161e-05
4.71687528767075e-05
-1.31425396775189e-04
-9.24722355948246e-05
6.95799842587744e-05
6.61900041809774e-05
7.03641451703146e-06
-4.49990727884438e-04
-4.29424239077297e-04
1.28670406318714e-04
1.69181170870781e-04
-1.12887791934164e-04
-1.76103770421830e-04
-2.67602588608086e-04
-2.80843706060630e-04
1.92432092403374e-04
7.55172404307269e-05
-8.38150103840031e-05
-6.06854015363846e-05
-3.05463382461118e-05
-1.41971370682483e-04
-1.79296675430696e-04
-1.06391918059507e-04
-5.30682004232118e-05
5.02463338381319e-05
9.30812022417472e-05
-3.13055357755315e-05
-5.35991545190339e-05
-9.62764917142163e-05
-1.43296509921421e-04
-2.33253464440476e-04
-2.18695552573371e-04
-2.15257554098028e-04
-2.11141656831761e-04
-1.98305098460112e-04
-1.76126228226810e-04
-1.73911127418370e-04
-2.04223325910072e-04
-2.38115222886750e-04
-2.74939557690609e-04
-1.20181273310428e-04
-7.65719658784022e-05
-2.75673758275888e-05
8.45965063018310e-07
-1.22609690992213e-05
-2.54294067698059e-05
2.83809818785078e-05
2.98293864709823e-05
-5.76951214362697e-06
-4.20453732353194e-05
-5.83411228228837e-05
-8.57933756002234e-05
-8.15243203232534e-05
-6.70387454459149e-05
-6.14094955028874e-05
-6.26530049790090e-05
-6.90266779664620e-05
1.16668553091449e-05
1.72774095500799e-05
3.76099352539340e-05
5.32678200496040e-05
7.29903491939668e-05
1.14564963721260e-04
7.60708963364854e-05
9.03458632006574e-05
1.06678625068572e-04
1.31747441616117e-04
1.37698712465214e-04
1.35784178860937e-04
1.32779595970365e-04
1.15272920270300e-04
4.79526779349318e-05
4.12200051658520e-05
3.37724211440830e-05
1.91095956722776e-05
8.36632161886604e-06
6.46267053889000e-06
3.26678318594421e-05
9.89653914417310e-05
-3.45167877680316e-05
-7.47397159581302e-05
-1.12775758899793e-04
-1.08349182718837e-04
-8.26471339540926e-06
-2.83712804591395e-05
-1.40788723867587e-05
1.59969323591329e-04
8.16821785527528e-05
4.84064136840382e-06
-6.35601590712209e-05
-7.28582402542002e-05
-5.40447379385782e-05
-5.14127939749857e-06
5.52170871637800e-05
1.07946572533044e-04
1.26818708846629e-04
-4.43601147708933e-05
-4.95499744122954e-05
-7.69975416050895e-05
-3.88331999260626e-05
-4.81862158951098e-05
-3.13522615454828e-05
-4.74207213687839e-05
-1.15021376631067e-04
-1.31319466186856e-04
-1.33068184206243e-04
-8.48263284686624e-05
-5.40310330600444e-05
1.93966666024898e-05
0.00000000000000e+00
-4.61415324538592e-05
-4.12691117952683e-05
-2.95625423845469e-05
-2.48752585968982e-05
-2.01255844048717e-05
-2.55582083327496e-05
-3.17771095387262e-05
3.75079040522695e-05
8.01390711677969e-05
9.78151258684816e-05
2.95550357519667e-05
3.53585349498833e-05
-5.24950726195693e-05
-7.89682022514251e-05
0.00000000000000e+00
2.56515562162022e-04
1.75798590792279e-04
-8.37854923999230e-05
-2.12579364210662e-04
2.34942650717171e-04
1.60274909242709e-04
1.02024891581459e-04
7.82097035618761e-05
5.40709335487525e-05
-2.15307418854169e-05
-6.04370419229681e-05
-3.53845049978848e-04
-2.49506405242140e-04
-1.18055164115065e-04
-6.42188116703562e-05
1.71858216033233e-04
3.80148287867079e-04
3.75073403095072e-04
2.91366434429074e-04
2.15755461190576e-04
1.94327290534843e-04
1.69438121200261e-04
1.43391847017940e-04
9.55230231067185e-05
7.94574560876559e-05
1.39815971615926e-04
1.60461378664932e-04
1.11768050443647e-04
-5.28159276233928e-05
0.00000000000000e+00
-8.80094996813938e-05
-3.23482159291148e-05
-6.61535186005948e-06
-1.11385734636882e-04
9.04593064566860e-06
8.43853248558520e-05
-8.27161044253147e-05
-1.40816321971083e-04
-1.95455826399390e-04
-2.02443211969475e-04
3.78821717833873e-05
-3.89155943465929e-05
-5.19270701173596e-05
-6.29323530888542e-05
-1.49658751539719e-04
-1.65640116348767e-04
5.34620196939802e-05
7.67209300516493e-05
1.11580694052825e-04
9.52397681600423e-05
9.35528523570257e-05
1.07795445054788e-04
9.10490363091867e-05
1.14431122957071e-04
1.29375164703559e-04
1.37079040440983e-04
1.69074941030175e-04
1.70124636698159e-04
1.53934663857884e-04
1.42176963961419e-04
9.91304243965980e-05
-1.85771877870638e-04
-1.32112064094361e-04
-8.35070613616894e-07
1.65290002689452e-05
-1.70333885830488e-04
-1.83607236464769e-05
-1.02911290956767e-05
-6.90793341997776e-06
-5.39964155719327e-06
3.19688679240959e-05
1.11430992809240e-05
-8.20558813534362e-05
-1.00918737992229e-04
-9.61831512978597e-05
0.00000000000000e+00
1.01762350412069e-04
1.02458576992778e-04
1.13488082079291e-04
1.35672983111280e-04
1.37425808855841e-04
-2.75433126937422e-05
5.85918368452650e-05
-0.00000000000000e+00
2.60281484129157e-04
3.78703444767320e-04
3.83257507134018e-04
3.77736931785890e-04
3.48942040677502e-04
3.43326349718000e-04
3.43343713364683e-04
4.05055640136560e-04
1.27782517358154e-04
2.29782376087134e-04
3.35565331684388e-04
4.23501677228512e-04
2.89095418001162e-04
1.20886604692687e-04
2.47256340996753e-04
3.55051083752666e-04
3.55986945623652e-04
2.09265366478068e-04
1.27315653005516e-04
9.09720131664365e-05
8.60495435536622e-05
9.33383055172831e-05
1.47112345687578e-04
1.37084956826441e-04
-1.34888759369219e-04
-1.59946781730119e-04
-2.06364556700331e-04
-2.38645288441698e-04
1.38172399801156e-05
1.20504954187961e-05
1.03485782454827e-04
9.52146362784394e-05
1.15432230834232e-05
-4.68597441895511e-05
-1.11416761557288e-04
-1.49760692904020e-04
4.87293741210630e-05
-3.42916351122598e-05
-7.03422358473558e-05
-7.16403415504005e-05
-6.85952227302087e-05
6.37644201254252e-05
4.85562345414531e-05
2.34636609094002e-05
-4.86983335218659e-05
1.00517730704324e-04
5.71300785116000e-05
-1.72590627599570e-05
-2.79027586143940e-05
-3.74009383749566e-05
-7.28630630378648e-05
-7.61761981116478e-05
-6.72937991160999e-05
-6.76582844919798e-05
-7.42347718593937e-05
-1.00569950147603e-04
-8.04425063705377e-05
-6.89373671695049e-05
1.87638047926765e-04
-1.00777836407936e-04
-8.00361623586154e-05
-5.93775556513504e-05
-8.91533158801190e-05
-1.14395074626313e-04
-4.36415696282803e-05
-4.37866027637587e-05
-2.94969801697185e-05
-1.58524780771871e-05
1.68314113281569e-05
1.79442658316917e-05
-6.36351596880304e-05
-8.18709959980862e-05
-9.18843763381400e-05
-2.14214686771175e-04
-2.10581340854559e-04
-2.46241905272557e-04
-2.53961598953296e-04
2.33469856647072e-04
-7.46950939523497e-05
-6.43176712187972e-05
7.43346437713977e-06
-1.38232344798140e-04
-1.92214348608878e-04
-8.10569392001673e-05
-8.42598113912231e-05
2.31805113365818e-04
1.95303911030037e-04
1.66588491144658e-04
1.62087695501397e-04
1.69332909347123e-04
1.82552248882599e-04
2.39279959447577e-04
1.61645197453473e-04
2.60469836568168e-04
2.91389322892220e-04
3.11538229369442e-04
3.81346120776421e-04
-9.07275257961767e-04
-6.51717455915201e-04
-4.17313601715955e-04
-3.58314169739226e-04
-3.46251917188028e-04
0.00000000000000e+00
5.42211410285436e-05
5.58785187949291e-05
1.67180715761887e-05
2.56010003920650e-06
1.63895768406749e-06
-3.54308707423024e-06
-1.39175502556410e-04
-2.16354793578453e-04
-5.65278439825907e-05
-4.39428658841779e-05
-5.82741717451473e-06
1.62248232911366e-05
3.80208504250790e-05
1.62448911126200e-04
1.74351428671833e-04
1.74556105423403e-04
-7.97697799767259e-05
-1.28574246777336e-04
-1.57665298318043e-04
1.00038346992549e-04
-8.41339919135380e-06
1.20372677014789e-05
3.61331066903826e-05
-9.09469570080072e-05
-7.74738290118880e-05
-7.05017956652237e-05
7.87844173312161e-06
5.87042421822179e-05
7.32763268973132e-05
0.00000000000000e+00
-1.67615403280699e-04
-1.61828076271707e-04
-1.20783318706872e-04
-6.57497395615175e-06
1.32972207326915e-04
3.89702404630052e-06
3.86930769564450e-06
0.00000000000000e+00
-2.02145443305629e-05
-4.84339187209596e-05
-7.95977278186595e-05
-8.67734315884477e-05
-3.52565465261881e-05
2.86486043353117e-04
2.10728352758361e-04
1.30903143841688e-04
-1.06149351746619e-05
-2.32425372683069e-05
-1.89132972913817e-04
-1.73743189298766e-04
-1.77966769090810e-04
-9.87125960903311e-05
-5.75773595646367e-05
3.53547640906346e-05
5.63623600025522e-05
9.89844717827149e-05
1.06771123604333e-04
1.11380501731380e-04
-1.13584125417467e-04
-1.44352955377269e-04
-1.66809614918790e-04
-2.11491094158924e-04
-2.20971222342101e-04
-2.26529315952802e-04
-2.59561653385808e-04
-4.27040222557153e-04
-4.27599570436375e-04
-2.00215109415892e-04
8.84524039446581e-05
2.39908862103720e-04
1.96562719102914e-04
1.52106994603050e-04
-2.13238635016159e-04
-4.09443982004709e-04
2.46435876453309e-04
-1.59840698933491e-04
-3.03914728707440e-04
-1.77070670521507e-04
9.48924117264989e-06
4.45546232705147e-05
1.07236888356346e-04
1.36429299447106e-04
-6.99680963775795e-05
2.15781932904301e-04
2.54071734300348e-04
2.65762371040070e-04
2.68623707975753e-04
7.36629405898445e-05
1.89870460666140e-05
1.36187742679781e-04
1.25168023516359e-04
-9.41433289674967e-06
5.87340233530071e-05
2.12068709742846e-04
2.10480708892816e-04
1.44087293520548e-04
1.36840617797891e-04
1.60437783754524e-04
1.36983211669942e-04
5.10593239201570e-05
-4.74176821736663e-05
-1.16784156604692e-04
1.91688420108077e-05
2.15302409707560e-06
-7.23032131917669e-06
-6.52842383590470e-05
-3.61128455710149e-05
1.49063906387872e-05
2.58506048722058e-05
-1.87435027300632e-05
1.15564384051677e-04
1.39859464244614e-04
1.34551101573327e-04
7.50195752508002e-05
7.22067506246545e-05
6.85471737821531e-05
-1.09905652758572e-04
-1.69083551169879e-04
-1.70739966897590e-04
1.52720022109261e-05
-8.70400571286842e-05
-4.98503269041898e-05
0.00000000000000e+00
-5.93532224127855e-05
-8.29400400678154e-05
-1.57936945679840e-04
-2.26147245166924e-04
-1.97151717291284e-04
-1.35064449118102e-04
-9.56029485841116e-05
-1.02532249218787e-04
-9.61720352181818e-05
-1.74822898568135e-04
-1.90105381562960e-04
1.13641570195139e-05
-9.71831165908208e-06
-2.00174843433763e-05
-7.08937312419171e-05
-8.64055657491550e-05
-7.03403021670364e-05
-4.63712823686155e-05
-1.52098340173573e-04
-1.72545274619041e-04
-1.24496172020914e-04
9.65952017844578e-05
-9.75184730238813e-05
-1.28731741617843e-04
