-0.00025644604821587
-0.00042004829625741
-0.000196701491403807
-0.000144517252265635
-0.000118794163766847
-8.19294091519101e-05
-0.000200678695466698
0.00155086463791143
0.00144404805797973
0.0012767505354185
-4.61130236041313e-04
-7.83353726502660e-04
-1.99163490517169e-04
-2.42750533183279e-04
-5.37496242324937e-04
-6.15944337701225e-04
-1.76356303529885e-04
-1.47408885328392e-04
1.27738361689083e-05
-3.33037736540194e-04
-1.65652597949119e-04
-1.17033309346090e-04
-1.05606415622624e-04
-1.13171818698452e-04
-4.36581184616833e-05
-1.61960976803464e-04
-4.69297734427264e-05
4.96853360379102e-05
1.53277732778724e-04
1.51117969258704e-04
9.74626163405247e-05
6.54437426393305e-05
-8.69845602059933e-05
3.31299508169917e-04
4.59479402977683e-04
4.57728472211292e-04
4.10038026372806e-04
3.37798255413077e-04
-5.78300941451965e-04
-6.02697580027247e-05
-3.41878467725484e-04
-5.34953755863636e-04
6.67112797316108e-04
7.27410630861716e-04
1.66840481878376e-04
1.50890267304457e-04
4.34556609639160e-05
-4.47560733634321e-05
1.93279990433141e-04
6.61095213079752e-05
3.86738111354111e-05
-1.44272440986204e-05
2.50356810010114e-06
-1.11258274357391e-04
-1.44253440734480e-04
-4.98016151407077e-04
8.53920405293032e-05
7.16301203006961e-05
7.72055187429070e-05
1.63664529741256e-04
1.84268283493310e-04
1.92260918082618e-04
-1.95520837060214e-04
-4.58460626372053e-05
-5.91023099451340e-05
-3.00704119485072e-04
-2.51730571315464e-04
-2.27258305027610e-04
-5.00829261763934e-04
2.69093054212560e-04
3.67966486795812e-04
4.47885431471296e-04
3.99761672524072e-04
1.68235089564253e-04
-1.91446864417155e-04
7.93621107911193e-05
-2.90540451987177e-04
4.55004469114371e-04
8.00510090944750e-04
8.16753436685388e-06
4.08895609063264e-05
7.12188823899097e-05
8.02976996184436e-05
6.94520936234792e-05
1.68001281426790e-04
1.71668973529452e-04
1.19104421771475e-04
9.12152530660428e-05
-7.59220665201680e-05
-9.53760602216078e-05
-9.20467737492112e-05
-7.76446622578590e-06
7.62450108111397e-05
-6.67206424188841e-05
5.51731766728242e-06
1.82624738020190e-05
4.42871689721303e-05
2.26486694340171e-04
2.75497393464767e-04
2.66211779671194e-04
1.86765496047410e-04
-2.93655948488737e-04
-3.44255608953952e-04
-3.10971730687618e-04
-2.86032357965182e-04
-2.64698398245993e-04
-2.50341671664443e-04
-1.98140403254064e-04
-1.72796590435653e-04
-1.67421370841702e-04
-1.46115475852984e-04
-7.45359818215929e-05
-5.83704637930088e-05
-9.08875997031588e-05
-1.74452834470955e-04
-1.28177468352332e-03
2.92477618039883e-05
2.19042212839911e-04
3.61068783805205e-04
3.78626817886200e-04
-6.44875530812792e-05
-6.33689658678496e-04
-1.23799784475547e-04
2.58957226984766e-04
1.70122089153375e-04
4.54251057580449e-05
5.90427029751397e-05
7.86911598221199e-05
-1.43827897094293e-04
-5.74827667600350e-04
-2.88821872879477e-04
-1.76576995545260e-04
-1.51580319997378e-04
-1.27615403231496e-04
-6.06418297618011e-05
-2.23664821671597e-05
1.04860251610394e-05
-1.21609152387384e-04
-2.07053827513082e-04
-8.35645617616101e-05
-2.34652112304183e-04
-5.07851835231338e-05
-2.30005725319507e-05
6.68831796535446e-08
2.06824199147263e-04
5.85481483111350e-04
8.55697945105307e-04
7.01054777075066e-04
4.85351305715174e-04
5.78063697398166e-04
1.53551958211626e-04
1.50046672566663e-04
1.40466912533656e-04
1.23477451533400e-04
5.81155218027131e-05
8.64005148284152e-05
4.17714987704388e-05
-1.76476171524102e-04
-6.26698400994664e-05
1.09492519276989e-04
1.41516852895979e-04
1.17180151722384e-04
-3.79767828275862e-05
-1.32334167758534e-04
2.00762100630138e-04
-1.17832873386473e-05
7.87510879715750e-05
3.24450143583158e-05
-8.49462572131582e-05
-1.20341148695945e-04
-8.93204508454655e-06
1.06342236920874e-04
6.39466393501872e-05
6.93951604398417e-05
-1.19955968800727e-03
-5.81527275164051e-04
1.48534256760084e-04
0.00000000000000e+00
-2.89709218038557e-04
2.08591589889342e-04
2.38059602854941e-04
-2.16078338611490e-04
-1.68224807153058e-04
-1.59844087838810e-04
-7.82872033336887e-05
2.56405144640020e-05
6.86784740284173e-05
1.03952239963216e-04
1.39794730340440e-04
1.60339457981287e-04
1.54028421060104e-04
2.08700597951636e-04
-2.72603416091888e-04
-2.48212871206284e-04
-1.58411699513976e-04
-1.10627348062621e-04
-6.63975631904502e-05
5.54136313117898e-06
5.76292542847886e-05
-2.66429664462458e-04
-1.99999371505413e-04
-1.28204946092144e-05
1.23098878297031e-05
7.94262846268165e-05
-2.06641976439308e-05
-1.24845391781526e-04
-1.49782163659062e-04
-1.61675065220321e-04
-3.35505790580615e-05
8.73792016313554e-05
6.94782610572795e-04
-4.97480255494293e-05
-5.12857139441118e-05
-5.69321387278061e-05
-7.21289490486448e-05
-2.58867894974193e-04
-2.24970292708093e-04
-6.38310302493216e-05
1.75997812119131e-03
-1.91002335282858e-03
-8.73590941425876e-04
-7.97051922094483e-04
-7.85711596455509e-04
-6.95046418753795e-04
-4.97809506240008e-04
2.06276978852577e-04
-9.26244275515060e-05
8.91304649229844e-04
7.22319976572459e-04
-2.65005174726220e-04
2.13044333536753e-04
1.98457009838306e-04
6.90831184354568e-05
-6.83749188852969e-05
1.11423495646592e-04
-2.52878694458677e-04
-3.21324416083790e-04
7.37893305613979e-05
1.85639522494936e-04
2.46880012037545e-04
4.39606997789060e-04
5.15584145715970e-04
2.86148348463634e-04
-1.81350675483102e-05
-1.32553323891212e-06
7.20160207730894e-05
3.85419005804425e-05
1.39992117397071e-04
4.40508937661654e-05
1.14272247743940e-04
-1.52140467000997e-03
-6.07568872481905e-05
-3.87395729952764e-04
-3.01370328642559e-04
-1.97747955019026e-04
1.62672455840710e-04
1.79093091724575e-04
2.05625721314983e-04
5.64201537611326e-04
3.22619042802263e-04
-9.24213367293498e-05
-5.06028533562422e-05
2.05552062356554e-05
2.59799037456726e-05
1.18049593388177e-04
1.53199037606372e-04
1.19888996916957e-04
-6.79202391544874e-05
-0.00000000000000e+00
-9.59451098225592e-06
6.13039759192858e-05
5.63601014297844e-05
5.28172971836041e-05
5.03044356694484e-05
5.31019491448288e-05
5.98065885684615e-05
1.09728279248498e-04
1.65509324249628e-04
-3.22136680379573e-04
-3.34480315044163e-04
-1.87680257240562e-04
-1.12701113097031e-04
-1.30762356489207e-04
-9.53167416430973e-05
1.09184691162610e-05
2.60978108483300e-04
3.13287224242234e-04
2.33297877478840e-04
2.12215699586423e-04
1.28979232392198e-04
3.90247134840552e-05
2.04633650679931e-05
1.13770419809220e-06
8.27829320552897e-06
-5.08203047922842e-05
-1.17232689575501e-04
-1.26036979022686e-04
3.42203209598249e-05
1.41725824449238e-04
-3.57652404640684e-05
-5.02390430002696e-04
-4.35289849600812e-04
-3.98604072204162e-04
0.00000000000000e+00
1.20792609786703e-04
9.27890894737061e-05
6.83544771599309e-05
5.45694385895063e-05
2.99090119099631e-05
-7.85828022244290e-04
-4.60810519086282e-04
-4.01279879139728e-04
-3.78472835422963e-04
-4.30307144543517e-04
-0.00000000000000e+00
6.16326671552867e-04
1.57158380857190e-04
2.10750375539089e-04
2.58170800267994e-04
-2.64004859033676e-05
-1.55205209022706e-05
7.11649899978536e-05
1.29206648095674e-04
-3.02492766197358e-04
-1.32004884212747e-04
-4.93163019694054e-04
-2.09833744282275e-04
-6.46148265382388e-05
2.15628233631947e-04
2.33455479850850e-04
3.15671313873157e-04
6.10276530875072e-04
7.45830469900420e-04
6.82668927860274e-04
5.27670138818600e-04
3.54386860874137e-04
3.86928847857609e-04
3.96975696510113e-04
-1.17253859336671e-04
-2.58178341623658e-04
-5.28426714071805e-04
8.57397858589741e-05
8.53986339725780e-05
-2.02955937135313e-04
-1.08400948137527e-04
-3.58004204008392e-04
-2.53027976364475e-04
-6.52359383549873e-05
-1.36594073762767e-04
1.79440145942711e-05
-1.74548140037316e-04
-1.48820621642150e-04
8.83073180775016e-06
7.31036792099256e-05
1.41890628287381e-04
-3.44086642215882e-04
-3.35804954069918e-04
-4.65986168931236e-04
-1.23077283320184e-04
-1.86418140339532e-04
-2.16618353376317e-04
-2.20294683907535e-04
0.00000000000000e+00
-4.27863045815176e-04
-1.23509536776171e-04
4.61263343133697e-05
-1.15793324220716e-04
-3.33891495514587e-05
7.46093373551721e-05
2.81933483524797e-04
4.33173858199470e-04
2.59580264354383e-04
-3.13997578365230e-04
-3.71075455938018e-05
-1.13140225432564e-04
-5.98785999630941e-04
-1.10556371584019e-03
-2.76387366700547e-03
1.06405128445515e-05
1.21843797918411e-04
1.50731898533138e-04
-7.79697780816743e-04
-7.91747458846147e-04
-8.35840017302210e-04
-3.45607306841319e-05
4.81563699345039e-04
-6.13390336262032e-04
-5.93115391337622e-05
1.08373616401573e-04
-1.43460521489078e-03
-1.39423178343971e-03
1.77523446287991e-04
7.35553208401626e-04
4.31340991512073e-04
3.73023851564453e-04
-8.01693604179822e-04
-7.24663917924163e-04
-3.22197549741108e-04
-1.77299869559533e-06
3.28579875235025e-04
6.10943851243830e-04
-1.27981253940587e-03
2.02963739355558e-04
3.10709180519978e-04
3.07597249816748e-04
2.98835117266137e-04
2.78984090322324e-04
2.75335068620225e-04
2.85654960258218e-04
2.41550608362300e-04
1.18054321012933e-04
4.71217043066428e-05
3.63530701982698e-05
2.59327873742802e-05
2.69619066817972e-06
-9.97964356772537e-06
2.29418676364885e-06
3.68786208294275e-04
2.10606040542005e-04
-7.34624414740435e-04
-1.05417092434537e-03
-8.31205983704921e-04
-5.20005042187205e-04
-6.79778010146274e-04
-3.73309015857473e-04
-4.00800451053520e-04
4.34263389808234e-04
9.64238819919989e-04
1.18466765378560e-04
-1.07007963315009e-03
4.31622084290616e-04
3.75637757895529e-04
7.24929674492299e-04
6.72549612202969e-04
5.52744161579259e-04
-5.37051136671330e-04
-4.30400461012919e-04
-1.87319717125491e-04
2.29869451847068e-04
1.72319238187597e-04
-6.16731936089282e-04
5.77606703895648e-04
6.08309611505029e-04
1.06263222027648e-03
1.43166326677237e-03
1.16899518967262e-03
-5.40570612084379e-04
1.27617190303236e-04
1.96277448850666e-04
2.28539384542525e-04
-5.37718969420263e-05
1.94097792292907e-05
-4.79978772195512e-05
-9.30608949216921e-07
4.22281600875720e-05
5.00914500877093e-04
6.48798950644041e-04
-2.18001524492437e-04
-2.64184541610728e-04
-4.67439353021440e-04
-0.00000000000000e+00
6.95341774471675e-05
7.50150687241668e-05
7.24505003766994e-05
8.06741428578414e-05
2.15990996846847e-04
1.35636584151145e-04
1.39393303593804e-04
1.64337510698455e-04
1.58642041257160e-04
1.51402112480177e-04
-9.07810607654186e-05
-1.30100921386959e-04
-1.36890035604681e-04
-1.61787711139509e-04
-8.46451345122109e-05
-2.44123265156594e-05
-1.04027676777436e-04
1.02007743421086e-04
1.75984760030957e-04
2.15693020981370e-04
1.82232463606180e-04
1.28522241308565e-05
6.35386538228886e-05
9.28514239655723e-05
1.64586174401914e-04
6.09899195285057e-05
-3.33895652367305e-04
8.00293395567288e-05
1.37557562812239e-04
3.11070593949047e-04
3.22096835646149e-04
-3.08575579870536e-06
-1.88080866247069e-04
-1.92032739305799e-04
-1.90057705135185e-04
-1.54058242638356e-04
-1.75662856827800e-04
-2.00906023134878e-04
-2.24129757508233e-04
-3.34856984836267e-04
-3.48931873913167e-04
7.77785473481035e-05
6.15511464575452e-06
-6.63098605161710e-05
-1.79525841172793e-04
-1.04349709693266e-04
6.68494892512480e-05
6.69727828694472e-05
6.64043670282838e-05
6.50039738669690e-05
4.98509928230449e-05
2.87372532674639e-05
-4.46429595715432e-05
-1.26653067276277e-04
-2.66515888750920e-04
-3.01955447085602e-04
-8.27150176205868e-05
-1.13455922540488e-04
-1.65541987436431e-04
-1.50495606116810e-04
3.05525600519987e-05
6.08732332258830e-05
-1.80287676810026e-05
-7.19156499420042e-05
-3.42574245288696e-04
-3.79840260110084e-04
-9.94590728401162e-05
0.00000000000000e+00
-2.82904961084891e-05
-1.56033890685529e-04
-4.47466160264245e-04
-1.95170607173507e-04
4.19525379158745e-04
-1.71638677825683e-04
-1.65655352973707e-04
1.79335802057836e-04
1.48161218439020e-04
7.31322183078019e-06
-7.07375705612492e-05
5.51665282870108e-04
-5.62225480651758e-05
-3.22501317637200e-04
-6.01041470917313e-05
-2.00353421923158e-05
-1.30796728980619e-04
8.17073714144296e-05
3.61321764237540e-06
4.03494184365018e-05
-1.42139214320465e-05
4.03982609576139e-04
1.76869078258663e-04
-1.18075824930878e-04
-5.04335893493836e-05
4.23969099726614e-05
4.72786200662422e-05
1.58232821808589e-04
1.28997519375406e-04
4.45525111249096e-05
2.71537979001994e-05
6.95993663797667e-05
2.84422651692048e-04
2.78850802152260e-04
3.09870275503021e-04
2.73252117751642e-04
9.16366073437096e-05
-4.95639566522003e-05
-7.17922783026911e-06
5.90392025955365e-05
8.17915938342232e-05
1.36591212742668e-04
-1.04752225627231e-04
-1.73855424854228e-04
-1.66958559196714e-04
-1.61150555334705e-04
-1.57445033175280e-04
-1.53719975779485e-04
-1.61749605535537e-04
-1.75729640470363e-04
-2.06921121870836e-04
-2.57988850809306e-04
-5.16805984479976e-04
-5.75329314832316e-04
-5.67931358407176e-04
-4.47231828583459e-04
-4.54287695054673e-04
-4.54561819329832e-04
-3.16265425667654e-04
-4.04356560941376e-04
-2.50168464827755e-04
-7.87581110328951e-05
-7.41732497619230e-05
-7.66692408520042e-05
-8.51973490773658e-05
-1.13393286099291e-04
-1.29602019673364e-04
-1.53867063757199e-04
-1.54081946483219e-04
1.08205605812195e-04
-2.60417566243658e-04
-1.25887696572639e-04
-1.37304101844344e-04
-1.61905003408939e-04
-2.32757599781287e-04
-2.65337321263497e-04
-2.98776056456035e-04
-3.13866628978138e-04
-2.48939775722863e-04
-3.73735121331922e-04
-4.33628476708317e-04
-4.73286185020263e-04
-9.04441489703853e-04
-2.56401587827846e-04
2.71838075829909e-05
-4.39343716453160e-05
-8.89513503713292e-05
-8.40912995969179e-05
-7.22987875163421e-05
1.12852783518062e-04
5.09831332364479e-05
-3.55667104845933e-05
-5.02950622024171e-05
-6.98023563707296e-05
2.05943992672174e-04
5.62816005059382e-05
5.35064569574702e-05
3.11007751128639e-05
5.27251696526925e-04
9.74622325724318e-05
-9.02465234190165e-05
1.19566222359098e-04
3.85900396561282e-05
-2.49506761930823e-05
-8.17187381751847e-05
-2.25736193389287e-04
-2.17544150668737e-06
-6.70266229531298e-05
-1.46287896249905e-04
-1.02146864452532e-04
-8.33876593292586e-05
-2.29803875227783e-05
-1.09047748263935e-04
-1.21742841935019e-04
-1.27001884546631e-04
-2.09512102004169e-04
-2.39414605905852e-04
-2.52523894513340e-04
-3.93787285111038e-04
-4.53903636768300e-04
-6.48700502076141e-04
0.00000000000000e+00
1.04175621318373e-04
1.20096930720461e-04
1.40475175128061e-04
1.34860417362037e-04
1.15389417875757e-04
8.70192141587859e-05
7.24395585655428e-05
-4.18552144218716e-05
-6.95480721113656e-05
-8.06682451098876e-05
1.76662284922835e-04
-1.37923064494463e-04
9.75514592720375e-04
7.31076022194175e-04
-0.00000000000000e+00
3.28380942196854e-04
3.30636869914605e-04
2.38975815197274e-04
2.93680777441361e-04
3.78751680138791e-04
2.39274808614820e-04
1.52990637514535e-04
1.36501362994095e-04
1.20462890188639e-04
9.83808310594909e-05
7.96650309529154e-05
4.64786910041206e-05
3.22947876121110e-05
-2.43994454389796e-04
-3.36484604266131e-04
-8.23853533424084e-06
2.15125772856615e-05
1.22859694902723e-05
4.03303644855460e-06
9.18806062529342e-05
1.14716183141309e-04
1.27001585524151e-04
1.08351524525414e-04
3.82096512526771e-05
4.01714639708847e-05
6.76599512205967e-04
2.75730564564853e-04
-1.98736390917545e-04
-2.39448203084366e-04
-0.00000000000000e+00
1.76356783497008e-04
2.46690777673309e-04
2.44156008287525e-04
6.52656754657985e-05
1.54812420873949e-04
2.45516427401859e-04
-6.13329690175617e-05
1.72015305033328e-05
1.01262949053728e-04
1.82556857256357e-04
-1.41327238899943e-04
2.08210767477571e-04
1.17434706727471e-04
1.12071845987587e-04
6.39720092621023e-05
5.11388680241525e-05
-2.64689938452044e-04
1.30467649637047e-03
1.26429391750921e-03
4.29275254246777e-05
2.13776822265499e-05
-2.18235830400011e-05
-1.80645121394163e-04
2.48731374542529e-04
2.24239239550911e-04
2.82740693295703e-04
3.51251907375020e-04
3.77775887954252e-04
5.36460209664599e-04
5.94239249866018e-04
1.14235635607529e-04
2.61076304289881e-04
3.12004106623764e-04
3.16403347295307e-04
2.63803369670171e-04
2.17495693038080e-05
-2.00136828973352e-05
-1.86791042525786e-05
2.05492954378207e-05
4.24301721719793e-05
-3.64168728839842e-04
5.71971314703256e-04
4.64791728736957e-04
3.52994572051719e-04
-1.11449474331220e-04
0.00000000000000e+00
-9.38872724641523e-05
-1.56896792220258e-04
-1.81513749419836e-04
-1.31609704875888e-04
-1.16388254118175e-04
5.01915246647271e-05
9.92045530660798e-06
-0.00000000000000e+00
-1.30945786873540e-04
-1.77464821118956e-04
-2.06801557361942e-04
-4.20298516815294e-04
-3.61671181536340e-04
-2.89573703188715e-04
2.30883790368399e-05
-2.01519121828857e-05
1.41507902806271e-05
4.77396927510991e-05
1.16418798229270e-04
2.20910147568909e-04
-6.33933121949976e-04
3.52550668341735e-05
7.50248232561878e-04
4.20875209703696e-04
3.95257852356227e-04
9.10682652059516e-05
6.39571132160764e-05
8.19640729737509e-05
2.49399722017950e-04
2.80010287932030e-04
5.59644942370378e-04
1.00502510189155e-03
-8.94216226417177e-05
2.02484531581335e-04
1.70024375176456e-04
1.61475185527580e-04
1.00501179331093e-04
9.44597165338567e-05
1.18625533108566e-04
1.13160454997585e-04
-6.42587384160535e-06
-4.39106765326253e-05
-1.29353116064957e-04
-8.51406408378761e-05
-2.04529376204942e-05
8.22027425849333e-05
1.16605838737988e-04
1.20582807237829e-04
2.06989070024786e-04
1.15315916277847e-04
2.06297634588734e-05
-1.96667056601934e-05
-9.90178524468926e-06
-1.31782330974733e-04
-4.09379944690844e-05
-4.44530879280427e-05
-9.38416334868344e-05
-9.74629396606978e-06
3.33915231941825e-04
1.26952923413107e-04
1.83088028096309e-04
1.94696006527316e-04
2.38365135702076e-04
6.26613255879350e-04
4.52392561676737e-04
5.07450465860638e-04
3.22051027371117e-04
-1.45981325894905e-04
-1.06764544009171e-04
-6.03915844103526e-05
4.18925000603396e-05
8.10143315807819e-05
2.00075395733597e-04
3.34384927610662e-04
-8.04356894586345e-05
6.32099054310699e-05
-4.24692998682662e-04
-4.49285137463857e-04
-1.52949350231065e-04
-6.42119638088277e-05
-1.59210830549875e-05
-1.33224420501236e-04
-5.20166971834426e-05
5.34442906046722e-04
1.07189820072374e-03
2.33048921924892e-04
-3.06970955673369e-04
-1.67680052221561e-04
-1.28176299196687e-04
-2.17283886757996e-04
-2.40785987331388e-04
-1.72603107966291e-04
-1.40407294993137e-04
-6.25711706390500e-05
-2.33764440559435e-05
-3.14301237871115e-05
-3.52135972998636e-05
-5.70771333788349e-05
-7.48481405492414e-05
-2.08763305810393e-04
-2.83719319251607e-04
-5.79663901120507e-04
-8.12958083209288e-05
-8.25630719184234e-06
1.24879045402287e-03
1.99857721965803e-04
1.10749005680501e-04
2.13122870006104e-04
2.13107567019073e-04
1.86327738081494e-04
0.00000000000000e+00
-8.13856975336006e-05
-1.83317550877827e-05
2.03114799467885e-05
-2.69176762329168e-05
-4.08233307891578e-05
-7.19696784567759e-05
-3.12357106749840e-04
-1.69072612987049e-04
-1.37612646891847e-04
-4.94223435288936e-05
-2.37233236548196e-04
-1.39018371794278e-04
3.30037652919604e-04
5.06757048910829e-06
5.81051491308498e-05
1.66952190129149e-04
-1.30304431595279e-04
-8.31804150771089e-05
2.49042015396073e-05
3.65827854105020e-04
3.05869179454444e-04
-2.57500216292124e-04
2.15099676674681e-04
1.48200326900339e-04
3.21681406510301e-04
-1.31652893813650e-04
4.51025974709731e-05
-1.07924910553102e-04
-1.82878959654639e-04
0.00000000000000e+00
-3.81315864186011e-04
1.55809244096642e-04
-2.57039347700632e-04
6.11738438006406e-05
4.96043612122135e-05
-4.37264577988164e-04
-4.55125112856885e-04
0.00000000000000e+00
7.10360145050323e-05
1.76363002630027e-04
2.15147003730898e-04
1.60140821667657e-04
1.10827104259223e-04
-4.75050235512881e-05
2.67114056155728e-04
1.25257106490696e-04
6.62938065018402e-05
2.57063453685014e-05
-1.70605010568139e-05
-2.16605374767802e-05
1.10328443901906e-04
1.99229417088544e-04
2.71365175852911e-04
1.10209369712960e-04
1.26117035821309e-04
1.76604896880095e-04
1.98603703852330e-04
2.65353247076958e-04
3.61851297105781e-04
2.61585606758587e-04
1.17520333345899e-04
3.31335321917272e-04
3.07342423243518e-04
2.71908136601148e-04
1.79203287821906e-04
-1.35336166071202e-04
-1.86087759539436e-04
-5.07318668702967e-04
-6.98980058818815e-04
-8.00528812940115e-04
-1.05401824487465e-04
2.01768843116922e-04
4.61848843409726e-04
1.63180245877801e-04
-1.20118465092161e-04
1.40039453415255e-04
3.14357811669013e-04
1.83923428089405e-04
2.27398957962690e-04
2.08488754069995e-04
6.40822216506194e-05
-1.10888727199981e-05
1.02102196608894e-04
5.62262243496756e-04
6.36308656325679e-04
3.30341870329066e-05
-3.54467226878743e-04
-4.06579442974144e-04
-4.73549123249516e-04
3.22551477460946e-04
1.55618608267110e-04
-2.36832905144956e-06
1.53492028272196e-05
3.27702756695573e-04
3.37072301385000e-04
1.73055148174240e-04
1.07083437019634e-04
1.20023846077738e-05
9.57460249147363e-05
3.07363483284096e-04
5.12884764176530e-04
6.44959891314599e-04
-1.98600968263478e-04
-3.23987090944725e-04
-3.00727223011223e-04
-3.17956711451284e-04
-4.07807723057791e-04
-4.31142966015113e-04
-4.71071927483278e-04
-3.54464102889635e-04
-1.08220479277936e-04
-1.21414852867273e-04
2.08518812118378e-04
1.13803848028664e-04
1.11397164639367e-04
1.03579479971076e-04
-6.47173628150450e-05
-7.69484136532079e-05
-7.34709491328757e-05
1.82824694234336e-04
2.73445400022043e-04
3.78546081260138e-04
-0.00000000000000e+00
9.69857951101440e-05
9.88100258604357e-05
8.74182342606504e-05
1.81519491633528e-04
1.94170855310804e-04
5.88738610152184e-05
-1.70421112226444e-05
-1.08371730796580e-04
4.64966570848300e-04
-5.60890734293656e-04
-4.56331351885132e-04
-3.22377146967827e-04
-1.05188489085465e-04
1.66023955931712e-05
2.02792765003970e-04
3.33099809659515e-04
3.00602053608700e-04
1.90751349992274e-04
1.04207961064059e-04
7.63833442901325e-05
4.49084555048934e-06
-1.50822807910274e-04
1.80869297703560e-04
2.74689054510280e-04
