7.78892648238564e-05
7.14060488741237e-05
0.000406707299527359
0.00136264754383627
0.00204500429662933
0.00125034469837457
0.00054837511405079
0.00177346076251435
0.00166032462186384
0.0014813277706528
-2.98975151196622e-04
1.43080743322974e-04
1.19178128079565e-04
1.25441823818246e-04
1.90166024940227e-04
-4.97356407262201e-04
3.10320721678293e-04
2.03098747364473e-04
8.45225933363592e-05
4.51901567392761e-04
5.98156092194438e-04
7.49713302884532e-04
5.01945263187599e-04
-8.26396384000024e-05
1.70280182474242e-04
1.76820784967007e-04
-2.86548321073768e-04
-1.70810328082167e-04
1.15127246945639e-03
1.64749935018788e-03
2.94473258758641e-03
4.88568206114612e-03
-4.09919519121968e-04
-1.29559059755571e-04
-1.86964621495734e-04
-1.99324702771675e-04
-1.91420314271105e-04
-1.50345904812753e-04
-1.12171127472906e-03
-3.77883771985188e-04
-1.31200539470031e-03
-1.49448364344084e-03
-6.98799154148834e-04
5.51261967748856e-04
5.92549558417425e-04
4.68463419823848e-04
-9.48317057243165e-05
-1.71752350283096e-04
-4.39587745695195e-04
-7.04936259317886e-04
-6.20107318768606e-04
-1.36565309261153e-05
-1.69188248731926e-05
7.90105808085121e-04
6.99707121711846e-04
3.12908188950581e-04
4.75288810315892e-04
9.22035515961207e-05
-8.29266485799348e-05
-5.50687537363909e-04
-7.34893846343718e-04
-1.74327338561379e-03
-1.65916058194170e-03
9.98477797214564e-04
6.08684969137047e-04
2.46737608035821e-05
-9.40486321315170e-04
-5.91784996552424e-04
4.43953788400892e-04
9.39364119178290e-06
-5.70940757768123e-05
-2.08301924814539e-04
-1.54418746276652e-04
2.78761367980107e-04
1.03286040734039e-03
7.54531715105091e-04
5.91173898928882e-04
1.20666422893793e-03
1.49858849743585e-03
-1.59279376893919e-05
1.25462978884693e-06
4.17940831435413e-05
2.44711378662211e-05
-5.04020302744255e-05
3.87113051123862e-05
5.36087646013300e-05
1.27067066561221e-04
1.44421529260311e-04
1.90067217555027e-06
-1.36568636218846e-04
-1.69838977368368e-04
-2.60620217179604e-04
-1.74895994930353e-04
-5.82460284372186e-05
-1.46633993267135e-04
-3.31623010485408e-04
-4.05572559127760e-04
-8.47464116605511e-04
-1.17947318421026e-03
-1.22593064034894e-03
-1.36216125685842e-03
1.51338953452325e-03
1.93867490589515e-03
1.70056096932271e-03
1.78729523547301e-03
1.80013116768017e-03
1.63882658623346e-03
4.28609469615585e-04
-5.99468194566035e-05
-4.75466200250190e-04
-5.65158795264035e-04
-6.54962976012161e-04
-7.73255396045652e-04
-7.28634014857409e-04
-3.19746161378300e-04
2.53197741177144e-03
7.04370473178913e-04
7.57000060391278e-04
2.98155713687275e-04
3.36166266401716e-04
7.95094738540345e-04
9.84263433549992e-04
2.34816048802974e-04
-1.26605805578314e-05
5.38095680901837e-05
-4.77444592473252e-05
3.38727825935253e-04
1.22916284942221e-03
3.02520430090879e-03
2.87173546273461e-03
1.18863632304494e-03
-1.95705253272949e-04
-5.62060258467570e-04
-6.52707695539479e-04
-1.87459398433438e-03
-9.46070534099298e-04
-1.55968553076205e-04
-4.89033494735854e-05
2.76867452982112e-04
3.01293454515178e-04
-2.62264354057847e-04
-3.95326542769022e-04
-5.41737327885212e-04
-6.69434531676947e-04
5.77971074979244e-04
9.32656965505814e-04
7.38394872490609e-04
-2.66497754205803e-05
-9.88847819776269e-04
-5.69628660814827e-05
-1.39395721396889e-03
-2.21511661947676e-03
-1.55490750119850e-03
-1.15965285035663e-03
-7.69361768959556e-04
-7.83248248922985e-04
-7.18990447655286e-04
-5.88459203469055e-04
-3.37393003394389e-04
-6.33949963782837e-04
-2.58163091235267e-04
-1.94731094669846e-04
-1.26086634678373e-04
3.11401675100815e-04
2.09140739341033e-04
3.09689872304045e-04
3.45455084636489e-05
-2.50350498596655e-04
1.81816126856555e-04
1.92536127481381e-04
2.39088138207498e-04
1.56516972847251e-04
1.20353661850644e-04
9.59702338790712e-05
9.64507003318487e-05
7.69139402822245e-05
-1.99573388547455e-04
-0.00000000000000e+00
3.37856359735845e-04
3.17401205207865e-04
3.65703402808782e-04
2.27817033079818e-04
3.58531090326914e-04
4.44930516790421e-04
4.19090758231819e-04
3.83060951121380e-04
4.71033693859853e-04
6.17440433404102e-04
8.36916049637608e-04
1.17001141199687e-03
2.80532702611487e-03
3.25565774672005e-03
2.01839499927866e-03
1.36707953374642e-03
9.05867922856419e-04
8.14481769867860e-04
7.61940833084935e-04
7.16265426691840e-04
6.52400780953051e-04
-1.76903141036127e-04
-2.19527330359754e-04
-1.44488384864684e-04
-1.20703332854126e-04
-9.31271738156598e-05
1.79067034027091e-04
1.74684481311083e-03
1.32896536249795e-03
1.40270037790679e-03
1.70951336615012e-03
1.78150006482039e-03
3.87417599581830e-04
-7.00563827286467e-04
-8.63517204418917e-04
-1.06246853497883e-03
-1.30356390163092e-03
-2.39173900848258e-03
-1.90823917384401e-03
1.91197502127807e-03
8.81286819682249e-03
4.66728243878776e-03
4.02273922422116e-03
3.67743169591887e-03
3.38254352512137e-03
1.85813274251838e-03
-7.75557819642587e-04
1.00473948930670e-03
-1.39819874451922e-03
-2.80619456028477e-03
-2.14170096445523e-03
-1.95017840707609e-04
8.34972665492004e-05
-1.52496255957987e-06
9.72070662306148e-05
7.68156830117918e-05
-2.04618211412957e-04
-4.63400224515954e-04
-3.91081808079851e-04
-4.52124002613409e-04
-4.53615667222560e-04
-4.67576927768986e-04
-1.05925914855087e-03
1.39041204179218e-03
2.12735196588255e-03
1.08521525267595e-03
4.38633051551906e-04
2.24461982997894e-04
4.36662827574664e-04
5.62553372044954e-04
4.94915500517805e-04
2.44027904209877e-04
6.32396189456647e-05
4.56994442786268e-04
-1.03549718945965e-03
-1.23809616345347e-03
-1.99163940045051e-03
-1.43626578050481e-03
-1.43256365357609e-03
-1.30736197919408e-03
-1.18786694034348e-03
-1.16919477331810e-03
-6.86531661125074e-04
-8.01585895663133e-04
-1.40485920595958e-03
-2.74738866231173e-03
-4.13471130552588e-03
-3.34097007635119e-03
-2.67446700881582e-03
-4.32598703830350e-04
0.00000000000000e+00
3.68753945819849e-04
-1.21018186097970e-04
-7.77539540431903e-05
-4.84325062981182e-05
-3.86107579325392e-05
-9.48184133744102e-05
-1.70970318872655e-04
-4.83934543939433e-04
-9.70585992626692e-04
-1.19066653609124e-03
7.59361659830778e-03
8.75455067778734e-04
2.41010909564238e-04
-1.99125054771771e-04
-6.44219268736567e-04
-7.50171297526989e-04
-8.51911994606627e-04
-9.80879453635709e-04
-9.81614831951578e-04
-6.78741895243869e-04
-2.16867237161967e-04
-7.28348626563607e-05
-5.55953649092399e-05
5.18169506019064e-05
1.62155046989151e-04
2.68087345411804e-04
3.44331304806494e-04
2.82658066879977e-04
-3.00921133647300e-04
1.97580155283794e-04
1.18596027811535e-04
3.29286864496411e-06
2.16265960305546e-05
8.25903258146803e-05
0.00000000000000e+00
2.43771236019065e-04
-4.70375595318267e-04
8.50590694499947e-04
1.00190397608982e-03
1.50398772711751e-03
2.60534457534632e-04
2.56006183220290e-04
2.29335975616842e-04
7.51340059437884e-05
3.37279884401897e-05
0.00000000000000e+00
2.67264548640565e-04
1.00876126925934e-04
-5.65220291431066e-04
4.42556791498303e-05
4.33819734094365e-04
3.32392389667396e-04
1.07868129626139e-04
4.72315043806036e-04
4.67485807271626e-04
-1.46522396696252e-04
-4.54359488605793e-04
5.75928111195425e-05
3.33391307474594e-04
-6.79996636615850e-04
-1.18520168596011e-03
-1.79084173925764e-03
-1.84463674645032e-03
3.77161792280815e-04
6.23833932522955e-04
6.73360270758676e-04
3.55537813737084e-04
2.23284273633874e-04
2.47541039739200e-04
1.27176399479680e-04
2.23838532688440e-04
6.30301749927631e-04
-8.14376136088728e-04
-9.50874911336179e-04
1.62367690408817e-04
9.55751817513396e-05
1.41706622330732e-03
1.63268584133288e-03
1.80678951800295e-03
1.86809320609918e-03
3.67361057888162e-04
6.21128846044832e-04
7.27231353979943e-04
7.11400648994150e-04
6.22110350763351e-04
5.44010334389732e-04
6.16755472704577e-04
9.10903959608383e-04
1.21811217103086e-03
-3.16458769365622e-04
-6.95159412629493e-04
-6.95662734237379e-04
-7.06289300145643e-04
0.00000000000000e+00
1.22735344776322e-03
8.67106565294563e-04
4.18255021929140e-04
-7.32297036505648e-04
-3.69850448072709e-04
-3.25190974173149e-04
-2.16682450255209e-04
-1.41096893455865e-04
-3.08138421787931e-04
1.55457594014008e-03
1.46526751866036e-03
1.21248391145164e-03
6.34973402703330e-06
-2.54071919623170e-04
-1.94042621651104e-03
-2.16049301837839e-03
-6.45598725450199e-04
-2.43969879565159e-04
2.68314747823511e-04
9.88094472028326e-05
8.79650511821861e-05
1.35771097486121e-04
2.13658670880923e-04
9.00211185098928e-05
-2.78897415226390e-04
-6.66680368611952e-05
4.28936370850575e-04
5.38487697535344e-04
-4.08643483597690e-04
-3.05782417206108e-04
-1.06344680502012e-04
9.61081676374293e-04
3.68961435504097e-04
3.73920092146456e-04
1.90014840146507e-04
1.10976235662038e-04
7.42105131345606e-05
1.07111129568468e-04
1.77748946247174e-03
-1.50087837450958e-03
-9.44857801467228e-04
-1.12005096636337e-03
-1.26956222875341e-03
-1.49995014981836e-03
-1.58118758301032e-03
-1.31841705112598e-03
-1.11491729514322e-03
-7.19468296125368e-04
5.95528856165883e-04
7.82510598053197e-04
-1.02415588921590e-03
-2.05861882285507e-03
-1.71116560584337e-03
-2.67568966690433e-03
-2.32569466067473e-03
-2.07197993195520e-03
-9.67078344989562e-04
-7.67607134748222e-04
2.06423523009460e-03
1.42038137968550e-03
1.22747528099210e-03
1.09699179739873e-03
-5.37536565719286e-04
2.22713119585417e-03
2.09371081361180e-03
-1.99299522039494e-03
3.32806094610401e-04
-1.39939321972685e-03
-1.12425127386370e-03
-1.07212575115907e-03
-1.04542101445354e-03
-7.16754386694099e-04
5.18535004556739e-04
-9.76292522694740e-04
-1.04387591187604e-03
-1.37366386006484e-03
-1.18384173798396e-03
-2.69390018730406e-04
-7.88802530021249e-04
-1.26180934837882e-03
-1.82298376704369e-05
-2.29182042544804e-03
-3.05130487300913e-03
-1.50547272629739e-03
2.23924341219064e-04
7.20225087602642e-04
1.05552009082191e-03
-2.23984452143047e-03
-6.76121942488115e-04
-4.80624479034581e-04
-3.81504646206783e-04
-1.58929451472183e-04
2.87746636296550e-04
2.53632298729302e-04
1.49073225587234e-04
1.23434027516365e-04
-2.98614612605448e-04
0.00000000000000e+00
2.72634758071977e-04
2.67721393236563e-04
2.78352540233570e-04
2.69945999147719e-04
2.50909392185212e-04
-2.73892123846373e-03
-2.42444461037417e-03
-1.93452542772946e-03
-1.32471169006748e-03
-4.14825127925731e-04
1.64364350941302e-04
5.11114912134989e-04
4.77013778277631e-04
-1.49094096531529e-04
-7.27741838194586e-04
-7.42842338446875e-04
-9.34277353705174e-04
-2.48022577056258e-04
-4.50331837866082e-03
-8.59308509340427e-04
2.45742130220775e-06
3.63715983502923e-04
1.77431793074897e-03
3.59396083863989e-03
4.02944029984204e-03
1.25546677549512e-03
2.15787100451549e-04
-2.41800898063993e-05
5.56028903849304e-07
5.12735356125915e-04
-5.28124298501374e-04
-1.09599184621996e-03
-1.22438212605604e-03
-1.31699574275478e-03
-1.70420959707321e-03
-2.18658949675889e-03
-1.93091886147473e-03
-1.90609356025306e-03
-8.35410838780356e-04
-4.01821160746843e-04
-3.32953432930548e-04
2.32252186242412e-03
2.45522863730131e-03
2.48949819601827e-03
2.23079295511087e-03
8.56739369434620e-04
-1.96412032732404e-04
-3.89087316524659e-04
-5.57207028753448e-04
-7.48322397035039e-04
-5.21518629749728e-04
-5.07206448918631e-04
-4.51654834878170e-04
-6.17417797750652e-04
-7.97025994944187e-04
-1.54333134970971e-03
-6.34521384845890e-04
3.03108203674309e-04
3.27220194312181e-03
4.95587774806414e-03
-2.83241412051017e-05
-2.41416787070129e-04
-3.50911603537375e-04
-3.51736741292771e-04
-2.60672895485239e-04
-3.04474348602299e-04
-4.34796652850090e-04
0.00000000000000e+00
7.66599017089414e-04
2.37106840771320e-04
-4.21720531694221e-04
-2.22250576177769e-03
2.18515543567880e-04
-3.28361236078401e-04
-4.53975612715392e-04
2.33243400140081e-04
1.30740470556859e-04
-1.83102360300399e-04
-3.51750807419584e-04
5.87019227019428e-05
-1.48458167476006e-04
-2.70231135151886e-04
2.80685293011633e-04
-2.72125752412474e-05
-4.73917552057527e-03
5.38533504552556e-04
7.24524515068504e-04
4.04374484063907e-04
-2.86230365937325e-04
4.46708976649538e-04
4.80651304365007e-04
-8.28217388781047e-04
-7.44806838968874e-04
-4.62509818730441e-04
-5.57495264521596e-04
-6.14006411598781e-04
4.10521446501045e-04
2.23856001375174e-04
-4.79345350083799e-04
-5.03923761539213e-04
-1.14255240616618e-04
-1.31624752731095e-04
-1.08594344869534e-03
-1.20060174058131e-03
-1.35263094173580e-03
-1.40599649841518e-03
5.02435811622816e-04
6.49529064887083e-04
6.52147972660619e-04
6.36631214707847e-05
-1.31246017509298e-03
-1.11048603400662e-03
-1.32477438826279e-03
-1.49019673745064e-03
-1.64315340747966e-03
-1.14574182512733e-03
-5.56014705917471e-04
-5.82411069933095e-04
-6.60732917870588e-04
-7.63334835227310e-04
4.65156172145193e-04
3.25815167455018e-04
3.56613201439810e-04
1.24857433308205e-03
1.26422353981575e-03
1.23055139215475e-03
7.75921693161677e-04
5.54457382543722e-04
-1.52098004650128e-04
-6.58640091035944e-04
-8.65333628062817e-04
-1.06046265553393e-03
-8.36068259816632e-04
-5.79168874278187e-04
-5.05722287906360e-04
-3.72054061357594e-04
-2.99263048804742e-04
9.76935346973547e-05
1.13399186072618e-04
2.43848922794825e-04
2.99955752256241e-04
3.58170339611679e-04
3.96184575258924e-04
-4.70443697567244e-04
-7.31591398916821e-04
-7.82978035028322e-04
-6.93724931485941e-04
-8.21763565964678e-05
1.50586832452454e-04
2.11487735211487e-04
6.55332629467443e-04
1.11196983275468e-04
-2.59654778581932e-05
-1.17117893014164e-04
-2.27488739861558e-04
-2.54903387429527e-04
-3.46530365509187e-04
-8.10028478343148e-04
4.03009105257059e-04
-3.20203839531512e-03
-6.34661806531997e-03
-3.91623572817990e-03
-2.81739214706376e-03
-5.64439154306352e-04
-8.59753220486093e-04
-6.46482942701579e-04
-3.70108042792974e-04
-1.32279260504208e-03
-2.18411946090236e-04
-8.92397930992207e-04
-5.51100439261507e-04
-2.65184385270090e-04
-7.53973975566246e-05
1.02117827790150e-04
3.13057896592115e-04
4.91162755556077e-04
4.08426926435277e-04
2.42468635085576e-04
6.90342267118183e-05
2.51106419215100e-04
-1.38872120907768e-04
-5.54699687314742e-04
-3.18291662830069e-04
5.32832136504604e-04
1.70401531698883e-03
1.95828808159682e-03
1.64442269223643e-03
1.49576066907495e-03
1.02205136147582e-03
0.00000000000000e+00
2.21987648594026e-03
2.15499978101903e-03
2.25588481878828e-03
2.32729421537412e-03
2.01530846193843e-03
1.34431724403396e-03
1.00018167060615e-03
-6.97443043635924e-04
-5.04206075733397e-04
-4.47911498868507e-04
-1.71294259562553e-03
-1.32461461807455e-03
-3.19631366788353e-04
-3.38177761528470e-04
0.00000000000000e+00
-1.34624713172420e-03
-1.90032733953371e-03
1.03439030282753e-04
6.61437547740116e-05
-5.99337376176040e-03
-3.09455777839616e-03
-1.63598646781156e-03
-1.46676317573485e-03
-1.37047047319003e-03
-1.37886819022214e-03
-2.15698125233671e-03
4.60809834796000e-04
3.90132467459732e-04
-4.86494418490242e-04
-3.65784059660040e-04
-1.33268142234553e-04
4.72498763609880e-04
6.01586804760396e-05
-1.08070334899580e-03
3.56232612184300e-05
-7.58521469295327e-04
-8.00460204902426e-04
-8.99908506571580e-04
-1.10883943299882e-03
-1.30160082249374e-03
-9.77384710226402e-04
-8.16487194151296e-04
-3.29238923636203e-04
-8.91843565035049e-05
0.00000000000000e+00
-7.36088044323015e-04
-1.02893668462854e-03
-1.00290125532058e-03
-2.84977154969269e-04
4.57526419332401e-04
4.56473072503658e-04
-1.70756155099529e-04
-3.57182564600736e-04
-5.61345678420617e-04
-5.64349997628607e-04
9.64257192519606e-04
8.60799586172780e-05
9.56489200467555e-04
1.81923226006696e-03
-2.62233890773772e-04
-4.52110969180880e-04
-7.79125508330599e-04
-4.92815775363705e-04
-4.88913590663977e-04
4.00459602398463e-04
4.67580982786671e-04
4.02854108011373e-04
-1.89699669678078e-04
-1.12032198061848e-03
-1.01781641684604e-03
-8.72916930749624e-04
1.33211191622854e-04
2.46100366493660e-04
1.76561828632567e-04
9.53895612970427e-05
4.70980079966044e-05
7.03616301982273e-04
1.54141124718061e-04
3.21372050773716e-04
5.67755149928548e-04
-9.27335102968534e-06
-1.22502331122626e-03
-1.51229825458118e-03
-1.98214818886678e-03
-1.96228678473989e-03
-1.60014974540915e-03
-1.35350663615711e-03
-6.92299777028196e-04
-5.48543449641467e-04
-3.02857005221964e-04
-0.00000000000000e+00
-3.06546324387972e-04
-3.50769433103119e-04
-3.92435185761439e-04
-4.29172207270923e-04
2.72843402737208e-04
2.99163182673872e-04
-9.15462293386157e-04
0.00000000000000e+00
2.06571135246487e-03
2.74610717791186e-03
2.89738694275113e-03
1.90641934933341e-03
9.11313174944851e-04
6.67293427321775e-04
1.45924818797742e-04
-8.72991507723031e-04
-5.74975860622389e-03
-4.66115800469026e-03
-3.49887683088354e-03
-3.03080801985430e-03
-3.78956254740876e-04
1.39722251918507e-04
2.18066049550138e-04
7.54246233950319e-04
1.92538968529961e-03
6.27166735218647e-04
4.99651824657439e-04
2.99459483425669e-04
-4.15369163529409e-04
-4.68566065047204e-04
-6.40801486933591e-04
-3.97113193212357e-04
5.30678416784774e-04
3.10629163596663e-04
1.89687814846938e-04
1.57959570617633e-04
1.59166847366608e-03
1.42370506108286e-03
4.24126380520049e-04
1.18777205549366e-04
-1.67798082988470e-04
7.65917111344039e-05
9.25425454216493e-04
7.00926112904752e-04
-4.23667522178658e-05
6.00113243045261e-04
6.06192639778248e-04
5.88214251301706e-04
5.32672874511869e-04
-7.85575793298844e-05
-1.58517936054892e-04
-2.50383003624707e-04
-1.57977863765368e-03
-4.73527988211429e-04
-1.45545036367146e-03
-7.27119310834633e-04
-7.01893684885834e-04
-4.01491085947709e-04
6.10546932136514e-04
8.63201320827105e-04
1.22094031021839e-03
1.21763184920317e-03
1.13113123877643e-03
1.02074937629353e-03
8.23130518679091e-04
9.04692171772773e-04
6.23687446000829e-04
-1.23995653258958e-04
-4.18725179641167e-04
-5.26244944243659e-04
1.13806230484592e-04
-3.77563309360686e-04
-7.23758353401786e-04
-1.41987898673569e-03
-1.43226523580464e-03
-1.33377998690288e-03
-8.73391834252224e-04
-7.06075452290904e-04
-5.57636569116209e-05
2.37165681946730e-07
1.03591770044167e-05
3.06950476628246e-03
2.63524999090745e-03
7.72317400851728e-04
1.04724513606378e-04
8.89665112077847e-04
5.65279753183339e-04
-1.17599899756846e-03
1.44626056500642e-04
1.55716594283855e-04
4.06775623854105e-05
6.69088380488803e-04
7.15009873651129e-04
1.03763808028781e-03
6.34342917056734e-04
5.89295282515548e-05
5.48446644850611e-06
1.12294467994482e-04
2.64872209876329e-04
7.41218343993346e-04
4.21217335057994e-04
-7.77554445355232e-04
-1.05970675442378e-03
-1.02211819956747e-03
-9.16744459161549e-04
4.09648373575865e-03
1.63392228065201e-03
1.46722065538474e-03
1.22273710929653e-03
1.26320568757467e-03
0.00000000000000e+00
-3.19755801587800e-04
-2.68604574322559e-04
-2.27756595392379e-05
1.70850636818077e-04
1.99216255310013e-04
2.26595117032457e-04
-2.74771021937254e-06
-5.96761786530458e-05
-8.83067591700888e-05
1.03607421096559e-04
-1.60606258672932e-06
-2.97975071841171e-05
-6.05971007687669e-05
-3.99125686044235e-05
-8.17956087468060e-05
-1.05692258634444e-04
-3.73916124752855e-04
-3.96337796172714e-04
-3.07418248095162e-04
-5.22372930756190e-03
3.62188507512931e-02
3.30409319563933e-04
3.76795195630128e-04
-1.65929741874811e-04
2.73455596478186e-05
1.83950774931291e-04
8.10847805781164e-04
1.07971588267078e-03
1.12006535701979e-03
0.00000000000000e+00
4.12000193288245e-04
8.82254603940992e-04
8.28749129848789e-04
2.39262400560646e-04
1.21484961242155e-04
-8.89678302266175e-04
-7.68933834215929e-04
-0.00000000000000e+00
2.54346318889194e-04
2.11674540701404e-04
2.41818549195078e-04
2.40455610365224e-04
1.70350001320765e-04
-2.31239419241204e-04
-2.39475270920040e-05
-8.54991285416909e-05
-3.32067429260527e-04
-4.98074752435647e-05
-1.34431072941003e-04
-8.78871411675919e-05
-1.96893068675212e-04
-4.28511917873236e-04
-3.53139216000804e-04
-4.90105913004084e-04
-6.93261690876006e-04
-1.60141439878857e-03
-1.90338424422265e-03
-2.27535660529486e-03
-3.62630059527093e-04
-4.02990592096071e-04
-4.42082962101287e-04
-4.06202542045549e-04
-5.34689195639404e-04
-6.77043632889876e-04
9.40861579228683e-05
9.12313247043649e-04
8.47117692458364e-04
-2.41207983435821e-04
-6.56431886672325e-04
-1.39683198533974e-03
-1.16581616048484e-03
-9.09275037101344e-04
1.13745675078520e-03
2.74195132084585e-03
3.35959490288344e-04
9.19829619539784e-04
5.51299441721658e-04
3.27461131340782e-04
-1.07339504724831e-03
-1.26835418206871e-03
-1.00855489764390e-03
-1.02762283948707e-03
-1.92363347831759e-03
-2.22369257763648e-03
-1.30542919469635e-03
-1.04549311243335e-03
-9.02640665626390e-04
2.01223520376519e-04
1.78992416646219e-04
-5.30322253919063e-04
-7.76822431429290e-04
-1.36390109320624e-03
9.17967559035089e-04
1.22997477007919e-03
1.16839298605695e-03
8.79492345716764e-04
8.02842270846343e-04
1.97017294543526e-04
1.56417400755959e-04
2.81557605602855e-04
6.25092067650118e-04
7.76521331163495e-04
1.56614160668450e-04
-5.10305392813330e-05
-2.42576858679495e-04
-1.37942075298569e-03
-8.93313248456187e-04
-1.98149118578954e-04
-2.93678572942753e-04
-3.14323294842773e-04
-1.76823627978512e-04
-2.10905322629207e-04
-6.23263919903681e-04
-6.73719352794464e-04
-6.29559769508882e-04
-6.72523700170699e-04
-7.01670483568237e-04
1.22567899042393e-03
1.74347148247993e-03
1.55627729281957e-02
9.86371842184368e-04
6.17000864334830e-04
0.00000000000000e+00
-3.02625150840351e-03
-3.08268476371658e-03
-2.88779777463685e-03
-1.38669700805953e-03
-4.61056021997309e-04
-1.43575941748855e-05
8.87225010265588e-04
8.88807365255765e-03
7.27884833666746e-03
1.12431104441075e-03
1.00674202319268e-03
9.56485053967665e-04
1.28902387112432e-03
1.19118977124901e-03
2.00273347388066e-03
9.64626101031082e-04
-2.88589216384937e-04
-2.66853102221950e-05
2.68374284768013e-03
1.40104584847345e-03
-1.93399697462700e-04
3.42076479488019e-03
1.08714127576308e-03
6.55650813732704e-04
