0.000283949072915635
-3.15219910424414e-06
-3.07982659678928e-05
-3.88575545596593e-05
-4.74515677073807e-05
-8.66400680580419e-05
-8.60268807482355e-05
-0.00318998786299625
-0.00206791004950041
-0.00140502638514213
7.63619805465333e-05
-7.00950685491921e-04
-6.29216880041118e-04
-6.55444915190566e-04
-9.47281980743614e-04
-1.11677910462819e-03
2.26117757467275e-04
2.14486620758671e-04
2.10606313694517e-04
2.19768056119369e-04
2.01946816425648e-04
-7.41625754914673e-05
-1.43124309304330e-04
-9.65392995656037e-05
4.84276935770124e-06
1.84939767790020e-05
4.56916384856897e-06
-7.72350540341044e-05
-2.20100116278286e-04
-3.04790989244433e-04
-3.67217392123804e-04
-4.00401947697914e-04
-2.85131443747923e-04
-2.86811629876100e-04
-2.94072269455141e-04
-2.66899016516682e-04
-2.28416958820022e-04
-1.92093780831426e-04
6.46298973365628e-05
1.53634740959845e-04
2.44410609868229e-04
5.46553236451643e-04
1.16545094244100e-03
1.13043874688055e-03
-1.68904536289562e-04
-1.78737079180431e-04
-1.55126253989611e-04
-3.18025790602979e-05
-1.54810064094477e-04
2.09936530877159e-07
-8.69243677934255e-05
-6.94107612036274e-05
-6.25840464449809e-05
-2.53143816238999e-05
-9.11868744490472e-06
1.15076317094256e-03
-2.01780058358763e-04
-2.06859229841290e-04
-2.14598378354684e-04
-2.46128241474750e-04
-2.52336461540639e-04
-1.66987798235053e-04
7.33366876521357e-05
3.15399117872111e-04
3.42537319664877e-04
3.47400591280524e-04
4.16621521102980e-04
1.33982064438096e-03
4.48486563061619e-05
-2.48874053160192e-04
-2.59339552019575e-04
-1.65639213814647e-04
-2.09634177472222e-05
1.18282103757916e-04
1.54397210320583e-04
-1.06414250167162e-04
2.02045098017963e-04
1.17309334314034e-03
2.60844978969067e-03
9.38642222502117e-06
-3.89550969167349e-06
-1.40439748160309e-05
-2.78372504858191e-05
-5.15725701499623e-05
1.39267148145180e-05
2.78480797100046e-05
8.53779604092438e-05
9.69703386449029e-05
1.37386211876644e-04
1.42381376909464e-04
1.51837808516526e-04
2.01429034122538e-04
2.57878294600571e-04
2.57303693514957e-04
1.27668054651232e-04
1.51028561815223e-04
1.27216146115251e-04
-8.78081189378901e-05
-2.10404098012616e-04
-2.41083118715969e-04
-2.61997602058338e-04
2.08316198638856e-04
3.38575219575308e-05
-5.52641386606948e-05
-5.81268488211986e-05
-4.74860326485523e-05
-3.68527240518511e-05
-1.78169446501446e-05
-8.03115729359877e-06
1.31918093784408e-05
4.77183055201332e-05
4.11281560158715e-05
2.48974329328240e-05
-1.39298634847119e-04
-3.44989147889706e-04
-3.78424579991684e-03
-3.69966918659228e-04
-4.03879323989441e-04
-2.89046698393238e-04
-2.70216050142617e-04
-1.85810426215102e-05
3.08663871204502e-05
-3.21786497249900e-04
1.43893894334583e-03
1.78214621356543e-03
-9.94465264015699e-06
-4.03994380375238e-05
-9.88691357255121e-05
-1.36344781971803e-04
-1.52604615989076e-04
-1.68247707819476e-04
-1.81933072439389e-04
-1.90210768845683e-04
-2.05855157101326e-04
-2.58187930903549e-04
-3.01257666480563e-04
-2.92519431757244e-04
-1.79526851056999e-04
-1.31845748433768e-03
-5.01811239833927e-03
-6.08774639876086e-05
-1.65400405419977e-04
-1.76461143455369e-04
-1.88740826095955e-04
-5.49989357763900e-04
-7.20643130222060e-04
-8.78008686961635e-04
-1.13608589039944e-03
-1.49598492324823e-03
-8.81491306825941e-04
1.31744054391923e-04
9.12838759798707e-05
9.65322814267130e-05
9.52091704827543e-05
6.87379679518525e-05
6.27546519771814e-05
5.52062404147776e-05
5.40524629480354e-05
5.62671107599125e-05
1.89865273949234e-04
1.83224020143652e-04
1.78888858947129e-04
1.94953572511235e-04
2.21981398604509e-04
-1.35158761043065e-05
1.13223537154503e-05
1.70940113852860e-05
-8.69010698010690e-06
-1.36894810772608e-04
-1.29375968692331e-04
-1.21362155004959e-04
-1.38006306274361e-04
-2.12160818777759e-04
-3.02960014620450e-04
-1.41769105679530e-04
-2.88390125441997e-04
4.38774869784509e-04
-0.00000000000000e+00
2.43067822062223e-04
1.84595580917365e-04
1.58414695919030e-04
5.06649193277596e-05
-4.22948200767687e-05
-4.50773310873072e-05
-3.48639963714593e-05
-6.83851117856770e-05
-8.16984014898705e-05
-9.88068304174850e-05
-1.19400206901795e-04
-1.40389768265274e-04
-2.18787591182466e-04
-5.17248814108565e-04
-8.78077970158317e-04
-1.20915275393593e-03
-1.73259493481814e-03
-1.88019341954460e-03
-1.84891510579653e-03
-1.15728297982277e-03
-1.84459036372654e-04
8.48325536005152e-05
1.50291296576070e-04
1.86463353036865e-04
1.80008785058992e-04
1.72005442105053e-04
7.49331949201103e-05
7.14731731560726e-06
7.91083610930973e-06
9.86723113134699e-06
1.34521943543424e-05
1.88558874823104e-05
-1.37034356995541e-04
-8.84529906934292e-04
-8.21072499819698e-04
-7.70074740182354e-04
-7.51370074635733e-04
-6.18808614319124e-04
-2.03614430910504e-05
1.99003829118254e-04
3.19936541676893e-04
3.83551851775182e-03
1.58898940186558e-03
4.37704593269026e-04
-8.57586167428362e-04
-3.18799508906662e-03
-6.85209943676187e-04
-6.37492000517021e-04
-8.88735595266998e-04
3.23216400243655e-04
3.68640886743124e-04
-1.19370021416910e-03
-1.52265646590650e-03
-2.00509672640748e-03
1.00156303318293e-04
1.08640414650151e-04
1.08328915068481e-04
5.78642439988673e-05
4.27895504001533e-05
-3.08072365721584e-04
-3.88272884775481e-04
-5.74223785859492e-04
-1.37529982801998e-03
-4.18832957797537e-04
-2.74073039778679e-04
-1.99736664642446e-04
8.98551535468004e-05
3.38646968885034e-05
-2.64171642438374e-05
-4.96393633754996e-05
-1.63858266471644e-04
-7.13885917690072e-04
6.00613277776368e-04
4.94249080832720e-04
3.67188032104966e-05
-2.50754509667211e-05
-1.45577324124960e-04
-1.52853888332210e-04
-7.39429430199947e-05
6.05461863498660e-05
9.50688807963723e-04
1.24759784977389e-03
4.01912292455732e-04
3.94917746806624e-04
8.71527690664821e-04
1.29765551524252e-03
2.97699208039861e-03
5.81809770337952e-03
7.02869710025866e-03
5.62759885636809e-04
-0.00000000000000e+00
-3.47011071044492e-05
-7.05897707784446e-05
-3.54245975955956e-05
4.59438470883187e-06
2.92056734827845e-05
1.29862232207002e-04
1.41496389763487e-04
1.87793050179540e-04
2.66502403180534e-04
1.25235542020819e-03
3.54721498983213e-04
1.68364339032007e-04
1.32459085718030e-04
-4.75897206771307e-05
9.64317927475835e-05
9.45769518264662e-05
9.69211999894582e-05
2.18879184499146e-04
3.44822974370407e-04
5.45817417451334e-04
8.47414423311984e-04
1.56205375563215e-03
1.84629923358978e-03
1.30701689467345e-05
-4.19508676665715e-05
-8.14606729335410e-05
-9.20385068733815e-05
-8.84462219777960e-05
-1.13167959295942e-05
-4.54554762779058e-06
-2.90656329426975e-04
-2.74013870808164e-04
-3.32319574693992e-04
-2.30364359958451e-04
0.00000000000000e+00
2.68158015935403e-06
-7.03105688175904e-06
-3.60946379030241e-05
-5.95114532714155e-05
-1.54680230248458e-04
1.84826280166815e-03
1.95876727235419e-03
1.76199632272323e-03
8.85183470454788e-04
5.55157085641738e-04
0.00000000000000e+00
-5.24376632301744e-05
-7.47868137403965e-05
-1.53893290655642e-04
-2.18080061747926e-05
2.20463506274493e-05
1.30035606007181e-05
1.04112918309479e-05
6.81478812292543e-08
-6.47982021106530e-06
-1.17157816833011e-05
-1.63759727449565e-05
-4.24011029030362e-06
9.88036238355720e-07
-9.95694255602076e-06
-1.97722933232943e-06
1.84667126750541e-05
1.24957766580064e-04
1.37442846781608e-03
6.56062356435011e-04
1.74568981084201e-05
-9.56400199783663e-04
-9.69058433600392e-04
-6.84528697766172e-04
1.55774831935526e-04
1.89145314521238e-04
-7.12448843925825e-05
1.45742392589048e-04
8.87209683416264e-06
-9.81616502300055e-05
-1.36098932543501e-04
-1.53162803360165e-04
-5.84052482675904e-04
-1.07740569746667e-03
-1.24002254601100e-03
2.39363199183519e-04
-5.13651567089483e-05
-3.22688041743754e-05
3.05385540344607e-05
5.39822163822923e-05
7.81886234808421e-05
1.53394645513108e-04
1.98511472167887e-04
2.54945361180275e-04
1.45259746284885e-03
1.73382062402269e-03
1.80925459087728e-03
1.71030990572639e-03
0.00000000000000e+00
2.80453066655197e-04
2.84271663747134e-04
3.04203514699206e-04
4.62419961701025e-05
-3.35186619543586e-04
-3.28149541683811e-04
-2.84581917180070e-04
-1.28201884873085e-04
1.12897031685270e-04
3.64872381697794e-04
3.04302443669627e-04
1.78102463010659e-04
4.09443757931360e-04
7.21233353006904e-04
-1.74068130620638e-04
1.28017618984335e-03
-3.79268584290136e-04
1.12759662507818e-03
2.69036778481683e-04
2.30823835671686e-04
3.26881121847512e-05
-5.56548801877955e-04
-8.90212665150544e-04
1.30197956092781e-04
2.51441402486876e-04
4.25713158164462e-04
-1.58023345422077e-04
-6.97022140516468e-05
-3.47145460423740e-04
-5.41631829745020e-04
-1.54766978036704e-03
-2.09579748675634e-03
2.00734199909700e-03
1.76644580957269e-03
2.64199299768251e-04
-1.52446553339662e-04
-2.74750110283136e-04
-2.70920813655496e-04
7.97335839367972e-04
-7.90197097178719e-04
8.07767458837607e-05
8.14055931595466e-05
9.01590297847207e-05
1.21202683609408e-04
1.35605680037496e-04
4.11494098695557e-05
7.70216821069514e-06
-1.79150824518804e-05
-1.67077191503872e-05
-1.68991532117464e-05
-1.38681795433190e-05
-1.40450844066491e-05
-5.48792985546237e-06
3.21029218766550e-05
1.97192710535175e-04
-4.42050458379433e-04
-1.78949534737446e-04
-3.43093682906917e-04
-2.37378847095551e-04
-2.75761113429056e-04
9.51377346265734e-04
8.92778696076420e-04
3.53984795566227e-04
1.15850118674081e-03
4.61667415813237e-04
-1.11377210671141e-03
-1.01162561578300e-03
-4.24034971812619e-04
-6.68922580844360e-04
-1.12347118687343e-03
-1.38948493706859e-03
-1.68746025938524e-03
-1.46531846417402e-03
1.52916001393358e-03
1.37182787298038e-03
1.99417427329198e-03
1.90911487119217e-03
6.27190311757628e-04
6.34922591909449e-04
5.04913560007368e-04
7.61878502632606e-04
-5.22923076622531e-04
-1.05895239885978e-03
-8.99797119512362e-04
-7.64438818653994e-05
4.26563590677037e-04
6.33742702030059e-04
-3.15225305866847e-05
-1.03187194031083e-04
-1.45239618326308e-04
-1.91998095342998e-04
-1.45880623313835e-04
8.27226593962344e-05
9.76720835715592e-05
-5.71248301687781e-04
-6.07940716055528e-04
-8.96022089296768e-04
0.00000000000000e+00
1.80361771869110e-04
2.34662951300661e-04
2.37196928562300e-04
2.21422435001344e-04
2.00996918796940e-04
1.34878321193968e-04
1.28858216794597e-04
1.28718147705627e-04
1.17251985209284e-04
9.16331211266736e-05
-1.40901893850159e-04
-1.93216402064206e-04
-2.06022958517682e-04
-1.51841793011639e-04
1.65435549329884e-04
5.15837656875714e-04
4.37380899922146e-04
-3.56065258068032e-04
-1.41129918314253e-04
-6.90015987076874e-05
-3.47418352507129e-05
3.45861973635144e-05
2.29144233377525e-05
2.47152239641315e-05
4.94285797755198e-06
8.80067687609892e-05
-7.40914761420077e-04
-1.13931937181796e-05
-4.85296069790100e-06
-7.56229680504750e-06
-1.53970856704885e-05
-1.05702054680568e-05
-9.01544664384946e-06
-3.07455971442843e-06
-9.48224144146915e-06
-9.65467660205150e-05
-1.12920358994505e-04
-3.19629427169672e-04
-5.00685541659340e-04
-9.13264730408260e-04
-1.14702957632433e-03
3.90760899703345e-05
3.35714826935783e-05
2.51792197497527e-05
-9.89420448539885e-06
-1.92961579433758e-05
6.73828261537368e-05
6.01540970651680e-05
5.39688211209524e-05
-2.70397238354218e-05
-2.18092944907265e-04
-2.49272405831399e-04
-3.62777109866967e-04
-4.05634888382742e-04
-3.53646031759666e-04
-7.61204935579735e-04
-2.67130474717697e-03
-2.01605166744952e-05
-2.62527863107518e-05
-6.03522818335665e-05
-3.86281590840235e-05
3.15224004628023e-05
4.20581957532287e-05
3.39122454056751e-05
1.66359907180525e-04
1.83399382617485e-04
-1.41637555914463e-03
0.00000000000000e+00
-5.74616645933775e-05
-5.55523258092683e-05
-5.13348009321873e-05
1.49430697238687e-04
-1.68613236919753e-04
-1.04625142427618e-04
1.07586578311790e-06
5.10008928617516e-04
4.43874779813698e-04
1.73389640327836e-04
3.01334404001452e-05
-4.06861067991900e-04
-7.48135765426620e-05
-6.32279317190195e-05
-2.02666195357689e-05
-1.88033033196533e-05
3.97219807534627e-05
-1.38033999633522e-04
-1.15681472663140e-04
-2.32953581925712e-04
-1.83695186881181e-04
8.42515452350116e-04
1.41110484281584e-03
6.15143966866165e-05
1.22376663114268e-04
2.05147867172617e-04
2.22985192531770e-04
8.06741663573026e-05
4.75244385207296e-05
-4.63182845646442e-05
-9.86936901750961e-05
-8.35409955149818e-05
3.67329846963224e-04
4.17729647739872e-04
7.35189964106916e-04
7.85771859076195e-04
9.01079393992418e-04
9.94453306333596e-04
-6.97799169008928e-05
-8.03503920987410e-05
-5.92908542500493e-05
-1.14981708548765e-05
1.75475834109975e-04
2.50333406227849e-04
2.33514189076115e-04
2.33879648814885e-04
2.42144464976595e-04
4.20208425287137e-04
3.81874340021150e-04
4.03591961414345e-04
4.19702463878220e-04
4.37263669092378e-04
6.58770216841301e-04
8.31888542428123e-04
1.10907537558400e-03
1.77793593383953e-03
2.08626976322639e-03
2.31487657749548e-03
2.24576589410734e-04
1.83871491546743e-04
-2.87784687705418e-05
-2.77221290804114e-05
5.05769794939665e-05
2.33193838808786e-06
-1.42664713070182e-04
-3.08762669276998e-04
-4.18538678108254e-04
-8.07769051261726e-04
-1.13936321300787e-03
-2.72046545319537e-05
1.52416972791139e-05
9.68921695194197e-05
1.13967231558403e-04
1.31024288631901e-04
1.57991911657422e-04
1.48348555648090e-04
1.73509280233355e-04
2.14254868551942e-04
4.44282046883974e-04
8.33720001095048e-04
1.40077560517725e-03
1.90508072785006e-03
4.43941331537261e-03
1.33009061654119e-04
1.53003331166382e-04
1.66802431050040e-04
1.75304126255904e-04
1.61952967200171e-04
1.73051732516060e-04
1.63999467477534e-04
8.91081895490506e-05
6.71531304582727e-05
4.42729969707498e-05
4.41465100019348e-05
5.91015090646280e-05
-1.59663859029299e-04
-2.12958646422027e-04
-4.87909807936149e-04
-9.87137862322165e-04
-4.60304904243016e-05
-8.59448664311883e-05
-1.60892667385188e-04
-2.25067586319199e-04
-2.52981876214766e-04
-2.48970375335259e-04
-2.55331369341398e-04
-2.72645533282476e-04
-2.81772356100564e-04
2.81543608648877e-03
3.67885454718752e-03
2.47634914288756e-03
2.67311548409638e-04
1.39449274944372e-04
1.91262156087854e-06
3.06618750828081e-06
1.16598506918178e-05
-1.75287283782038e-05
-2.88787703005910e-05
7.37925165199033e-04
1.20043931704629e-03
4.02741988230971e-03
0.00000000000000e+00
1.41216019227520e-04
1.32437372203758e-04
1.15575029489031e-04
9.86771323918213e-05
6.73286992871284e-05
3.75320460901228e-05
2.45770318326443e-05
-1.02195642125775e-04
-1.42946661347640e-04
-1.59622653153381e-04
-2.23329306632291e-04
1.90389076746583e-04
8.07444049008157e-04
-4.49433914995967e-05
0.00000000000000e+00
7.62701680063671e-05
1.76676170395273e-04
1.71448491715126e-04
1.78016457607040e-04
1.73086302835928e-04
7.74579411990991e-05
3.35606073896464e-05
3.39247243331602e-05
3.92189720645480e-05
4.93628534877678e-06
-3.31588220071256e-06
-2.62040371198725e-05
-7.72891094831531e-05
7.45945298282181e-05
1.14867038676494e-05
-1.14556623637896e-04
-2.38423320186670e-04
-2.23136539112569e-04
-1.32559281869384e-04
8.56548147170772e-04
8.89911832377072e-04
9.11653947852545e-04
8.87347041189886e-04
7.40030742541401e-04
8.85857560252749e-04
1.31117051947207e-03
1.44029471012318e-03
1.78613229382111e-03
1.37311443402582e-03
0.00000000000000e+00
-4.11335175636893e-04
-3.31618270596910e-04
-2.37005148092517e-04
-4.97506511999880e-05
1.97752028178344e-05
5.48624544504298e-04
-1.43444282528060e-04
-1.77393129668944e-04
-2.12205971619799e-04
-2.14034018861592e-04
3.87419512762105e-05
1.53079175030457e-05
-5.15706171064738e-06
-1.84622798155429e-05
-7.38661318803612e-05
-1.44063720875971e-04
2.55901422864006e-04
4.70264292303186e-05
1.79909606338764e-04
1.72210819607413e-04
2.10973041847850e-04
2.23203169893737e-04
2.10282508824974e-04
3.47989170977717e-04
4.15049003059842e-04
4.02165104279734e-04
7.35102028844815e-04
9.06470234971143e-04
1.79751096610588e-03
2.29947919245177e-03
1.11510485693360e-05
-9.79498872963286e-05
-2.42875981845997e-04
-7.87440156508851e-04
-9.16309648666658e-04
1.03604638508785e-05
-1.12732035582106e-05
-1.80602949597262e-05
-8.33554777544191e-05
-1.08649673208082e-04
-6.01074497928508e-04
1.13899358957095e-03
1.34122214816092e-03
1.52260380703661e-03
1.74081092899264e-03
-0.00000000000000e+00
2.70023131152359e-04
2.54078870250999e-04
2.42818730046916e-04
2.44118545683480e-04
2.28875374723279e-04
2.41797241726822e-04
2.17002409763866e-04
0.00000000000000e+00
1.99850935060159e-04
3.07683835752606e-04
2.91064347621307e-04
1.90138305541778e-05
-2.52266830834941e-04
-2.47902751549745e-04
-2.01417788426943e-04
-2.97052863556275e-04
-3.69413122083252e-04
-3.28952242025423e-04
1.42171436762354e-05
4.08325460986468e-04
-5.02838311147070e-03
-1.49924122102295e-04
-3.13411206033024e-04
-4.55597683309272e-04
-2.58359060233056e-04
-3.06503577090111e-04
-2.75775414417443e-04
-3.30033416957277e-04
-6.26773700041328e-04
-6.87419519002971e-04
-1.84929567060921e-03
-2.15867189885759e-03
3.93880907617685e-04
3.86138289855728e-04
3.56638981001879e-04
3.64978686656853e-04
1.43176740581403e-04
6.02159099609126e-05
5.94700100908504e-05
6.19613201559832e-05
3.68100328962954e-05
4.51874645960061e-05
6.35861434692536e-04
8.87074596031660e-04
-6.08643546021127e-05
-5.77862985839011e-05
-3.16016876570934e-05
-1.33231264601398e-05
-4.59569343410229e-06
-7.19698938705196e-05
-6.14159426278493e-05
-4.77451400906968e-05
-3.04301732493447e-05
7.39701693288749e-05
3.29439523672696e-05
1.87046537061829e-05
3.15240822646969e-05
4.09861191765971e-05
1.87530766415725e-04
1.80691379013242e-04
3.10257632301006e-04
3.85230906029977e-04
6.21635965095504e-04
1.28306454213701e-03
1.73143405697044e-03
2.17825574338562e-03
4.72123009317114e-04
2.41670778100241e-04
1.56725544788724e-04
1.40020801047475e-04
9.09192137472632e-05
9.48788716707433e-05
1.08574215494702e-04
2.06186016526063e-04
3.46186087928370e-04
4.29148839191393e-04
-7.12038230957994e-04
-9.17239028483994e-04
-2.17996303189114e-03
-1.20822579215631e-03
-9.24652733285335e-04
2.98414700257769e-04
2.41208099034303e-04
1.67818352235289e-04
1.72522354154055e-04
-3.44124333900367e-04
-7.87524342681663e-04
-1.05429088021765e-03
-3.80306197183415e-05
-2.97077545658432e-05
-8.96076477632677e-06
-1.84184185851665e-05
-1.76022651708799e-05
3.73164211899191e-07
-1.18920807297950e-04
-1.52196846189976e-04
-1.69575325846410e-04
-2.28376188125583e-04
-2.73595435797330e-04
-5.45223157282472e-04
-7.20897291372307e-04
-1.19530738811223e-03
-9.36870483827559e-04
-8.54200144052696e-04
-6.29506108277506e-04
-2.84282003545150e-03
1.51352973604614e-03
2.82146398016736e-04
2.58850668103325e-04
2.79203043135679e-04
0.00000000000000e+00
2.41081373829571e-05
3.44927095645357e-05
-4.30533131907893e-05
1.45504324590681e-05
1.41739775606479e-05
8.93924241438794e-06
2.24683862685472e-06
5.71104889470878e-06
5.00818089215401e-06
1.03714104780337e-04
7.10225097045156e-05
6.75310390336066e-05
6.38572142246623e-05
4.82037946410814e-05
4.46426066079423e-05
4.21906669088287e-05
-1.00863013198541e-04
2.04945653691901e-04
-8.54263678540983e-04
6.02594374336362e-07
1.87319128477896e-04
2.41939857985648e-04
2.73871116455232e-04
2.06036790677909e-04
2.06034890753121e-04
2.19945018092558e-04
4.14903145580682e-05
2.02913357079114e-06
2.17559566944215e-05
0.00000000000000e+00
-1.63244562052746e-04
1.31285262364248e-05
-1.39415868627926e-04
-1.19753750724130e-03
1.63434386975496e-04
9.01690552910488e-04
9.04361835661566e-04
-0.00000000000000e+00
-2.18853976821803e-04
-1.88271033490329e-04
-1.72972274717858e-04
-1.43852279895798e-04
-1.26576524753748e-04
6.64365696716056e-06
-6.94612236660863e-06
-7.46287293089292e-06
-1.12708744628703e-05
1.25362777689967e-05
2.57335980674098e-06
6.41166643985271e-06
9.15069545028047e-05
1.09071593020904e-04
-1.18008828148323e-04
-7.37715242105058e-04
-8.09232306026085e-04
-4.49031641373762e-04
-1.72206696002263e-04
3.29340424824028e-04
-4.15418943685071e-04
-3.70243103485190e-04
-3.43484861009984e-04
-1.01355513020310e-04
-8.94414741230247e-05
-5.11245347315651e-05
3.22927210503811e-05
-1.68517921048945e-04
-2.28818227891683e-04
-2.89708733378799e-04
-2.31104571181015e-04
-5.61904029042209e-04
-8.74225069077771e-04
-1.05695184543534e-03
-2.10242491657752e-03
-2.55561713532493e-03
-6.85491232940705e-05
2.84567129330740e-04
-4.39816430913824e-05
-6.31949959239526e-05
9.77189196547303e-05
2.27011889725510e-04
7.46481152215228e-04
9.25768763179271e-04
8.43873042047075e-05
3.20757149623892e-04
3.13362216634837e-04
-5.06985977203147e-04
-9.56038214082846e-04
-2.27842737097713e-03
-2.37443080672854e-03
-3.49380245846751e-05
7.58089198677356e-05
1.72598916753324e-04
3.56593510536139e-04
1.18873503450928e-04
-2.18823855011629e-05
-2.00229996112931e-04
-1.86179715567821e-04
-1.75985605189141e-04
-2.10256864151989e-04
-3.23456121609932e-04
-5.52245312270794e-04
-1.00723334471543e-03
1.07191452686255e-04
9.48384122262449e-05
7.44430713861142e-05
8.58686354730550e-05
8.99963285859670e-05
6.81850565303121e-05
5.38561332099324e-05
1.03724478782586e-04
1.21117504653902e-04
1.27822550958067e-04
1.50844129976496e-04
1.41805121754465e-04
1.32839962760304e-04
1.27521312319994e-04
5.58834008896374e-05
1.02424219571015e-06
-2.39368566071024e-05
3.48458761340425e-05
-3.83639951710090e-04
-3.00762135409711e-04
0.00000000000000e+00
-4.89695005912013e-04
-4.60970888565206e-04
-3.39712987027226e-04
-1.30189937334011e-04
-1.07449280623252e-05
3.38124530628711e-05
1.05021858384934e-04
3.14326557748407e-04
3.56422205656102e-04
-3.67915901838632e-03
-4.99833827781495e-03
1.15334913312455e-04
2.69715202351921e-04
2.34061362238839e-04
2.60021488472688e-04
2.69627584266026e-04
2.56283113534306e-04
1.99367964034078e-04
4.31517763203726e-05
2.36961084969960e-05
-1.81887181003114e-05
-1.14124887798966e-04
-3.67694793305891e-04
-1.69100186064768e-03
