0.00050126748812261
-0.000215621836082018
6.24599297772009e-05
-3.66922975114458e-06
3.90917910936309e-06
1.9360139078653e-05
0.000146995453017839
-0.000873699523389602
-0.000672794423591251
-0.000628988599937234
2.43109160239020e-04
3.46573832848440e-04
2.35138385083181e-04
2.17527290887754e-04
-3.35616699728761e-04
-6.80407545957483e-04
-4.97558351230825e-05
-1.24139434258965e-04
-2.54483568841047e-04
-1.71491885338879e-04
-1.28386039096458e-04
-1.69261825750648e-05
8.88267390900820e-05
1.69338650266712e-04
4.93958025383207e-05
3.34005860607435e-05
-2.25087793509541e-05
-4.20823237736473e-05
5.42568672485695e-06
3.73356626165045e-05
4.72783406971969e-05
-1.98329112744590e-04
-2.36093742956234e-04
-2.85385288834649e-04
-2.34046122662862e-04
-2.03652105771648e-04
-2.00815824897639e-04
-2.07305898856120e-04
-1.87761267418254e-04
-2.29355132261532e-04
-2.95622731977952e-04
-3.70977456351332e-04
-9.70012345186224e-04
-7.85972122041157e-04
1.70731089713056e-05
2.53198747046003e-05
3.75074989012392e-05
2.20532831983068e-05
-1.57853387763855e-04
-4.85731895901953e-06
1.00534221266804e-04
-5.06431740414411e-05
-2.42640010609130e-05
3.14782309335240e-05
3.74963570967266e-05
3.52506166312617e-05
-8.80436651404969e-05
-1.16763024324134e-04
-1.05946127535086e-04
2.62878119614047e-05
2.14253823593912e-05
-3.01956875460986e-05
1.88442975794763e-05
6.56849523209442e-05
2.16552472231590e-04
3.34439472146027e-04
1.38965659648451e-04
4.95062695869794e-05
1.32098858318744e-03
-1.45325204256683e-03
-1.50986969664039e-03
-6.54018255158744e-04
2.55563700786263e-04
4.00322052807314e-05
-9.55256246289061e-05
-7.54350535867553e-05
-3.12216061616857e-05
-1.48693917878409e-03
-2.58916453327194e-04
4.65743802055359e-06
-1.53436149988202e-05
-2.28905740695637e-05
-4.00938983933242e-05
-7.19445604958522e-05
5.02376641334009e-05
6.88406923211041e-05
1.37406698012726e-04
1.51898401641472e-04
2.21547895939900e-04
2.02642843557250e-04
1.94950222017799e-04
1.89871773793780e-04
2.04480680060196e-04
2.56430774896455e-05
-4.49328943882315e-05
-1.07399479350730e-04
-1.37546961241351e-04
-4.01715606597384e-04
-7.83006292652724e-04
-8.49269607787242e-04
-9.51494274904282e-04
3.03300800215192e-05
-1.23164497549152e-04
-2.25390183996142e-04
-1.89951144330730e-04
6.94545869368764e-04
8.72577088930977e-04
-6.32425699361650e-05
1.07942707288929e-04
9.54950508381010e-05
1.43913247476131e-04
7.26448668273388e-05
5.21591986178294e-05
-3.90665228232351e-06
-9.53246479842182e-05
8.54445112741025e-04
-2.99187578174519e-04
-4.39141807135054e-04
-1.02073661562649e-03
-1.83925489022391e-03
-2.07768855114110e-04
1.02685938549528e-03
-1.56985405894752e-04
-3.54853601863674e-04
-2.87212044888083e-04
1.66597134398889e-05
-7.37453839564992e-06
-6.98093700225897e-05
-1.26758372147611e-04
-9.60098158490913e-05
-2.32877285827024e-05
2.68657155376950e-05
2.01967440752592e-05
1.47601666502716e-06
-1.71782591549873e-04
-4.32380427796641e-04
-5.24425454119626e-04
-2.32917974726888e-06
6.76566785100145e-05
1.25651057832549e-04
1.00105867451468e-04
1.34393232894247e-04
1.54546884714552e-04
1.78066862645185e-04
8.16690078557959e-04
6.18909524839586e-04
2.41874895557377e-04
1.85899839742077e-04
1.93059028446087e-04
-7.36701027333851e-04
1.56888217009244e-04
1.04703351210709e-04
2.73473141033224e-04
2.05904604382222e-04
1.43511862999499e-04
1.68881970166942e-04
-7.45618595057060e-05
-6.68682975040282e-05
-5.30767426406444e-05
1.39125284606874e-04
2.64873786650266e-04
2.68419412972507e-04
2.39473837416621e-04
1.10134326971280e-04
6.24211165890917e-05
-5.12311419906929e-05
2.78973444256060e-05
8.28354222926684e-05
-1.85590356131172e-04
-1.20567322374885e-04
5.61088352244890e-05
6.37500472961735e-05
6.83810363405139e-05
7.28595664317211e-05
4.43794549363370e-05
1.61397239048305e-05
-5.47681185519041e-05
0.00000000000000e+00
1.11100877481700e-04
2.43178448237187e-04
2.54688450206043e-04
-1.37395847441887e-04
8.32362985858928e-06
9.29162401964745e-06
-7.41179129451854e-06
3.00633866194830e-06
9.33148541918492e-06
1.69179110428829e-05
2.40774142018557e-05
2.53552117624214e-05
-2.35286103240734e-05
-1.65321725353557e-04
-1.07216045192937e-04
-7.79464485797210e-05
-3.50899032232697e-05
-1.22149578797945e-05
7.78034968458279e-06
5.62878698308077e-05
9.79143128008220e-05
-5.24180525729909e-05
-1.21148658420602e-04
-2.13818252904149e-04
-1.94656882657704e-04
-1.85366717769554e-04
-1.71942858709989e-04
-2.12152674757064e-04
-3.06089619530921e-04
-1.77414142553371e-04
4.50866691297775e-05
6.28616523292012e-05
-2.21757235369182e-04
-4.97302695064933e-04
-4.30806621987865e-04
-3.69167683708058e-04
-2.97437030257044e-04
6.10875552907996e-05
2.59782184243014e-04
6.61021203080734e-05
-2.21654774005223e-04
3.15411922720070e-04
1.60256703582392e-04
-3.35431564272866e-04
-1.00920639975489e-03
-2.88150055618501e-03
-6.59080877457132e-04
-8.69949757441152e-04
3.81966343737840e-04
-6.83019739803116e-04
-5.90645956065874e-04
-3.32761868963006e-04
-2.69567417578294e-04
-2.15962460228327e-04
1.36324789130896e-04
1.64374027301028e-04
1.42263759481509e-04
1.24033085397156e-04
1.28037505004891e-04
1.00779444240348e-04
-3.88592834439278e-04
-4.90600995746821e-04
1.45391907522140e-04
-6.24069621367170e-05
-4.73170188994661e-05
-2.07657730007968e-04
5.11251750114559e-04
1.91431968818622e-04
1.53685130468752e-05
-2.76437861580893e-05
-2.82283211420440e-05
-9.30453336340954e-05
-1.82769569650510e-04
-6.71709496304613e-04
9.36877411705782e-04
5.92152177182259e-04
6.14125152284050e-04
-1.43217248935742e-04
-1.17230825292971e-05
4.63214318197907e-04
1.39157136972765e-03
1.57582681646792e-03
7.33971021678719e-04
8.53350080359508e-04
2.01824067858282e-03
1.98739162610664e-03
1.23549167166208e-03
4.47123993026964e-04
2.06168475478403e-05
-5.75880761655679e-05
-0.00000000000000e+00
-2.08629917244534e-04
-8.27795491608982e-05
-2.25922392416526e-05
1.29520351232587e-05
1.85012757624572e-05
4.74324772385283e-04
7.08852175854613e-04
7.06979995354712e-04
6.47413927823591e-04
8.00255663088318e-04
-4.51938470158124e-04
-1.94993588525858e-04
-3.56130407826799e-04
6.30186704801741e-05
-9.90468676078123e-04
-1.07887616638421e-03
-1.15901842277518e-03
-1.26349692431956e-03
-1.26634249004477e-03
-1.05254014188561e-03
-4.10874769995673e-04
1.16731172455323e-04
2.09876409168747e-04
4.16347499630405e-05
-2.59444675256886e-05
-5.82330596977519e-05
-1.07453875898751e-05
1.67917818231896e-03
-2.09037253228824e-04
4.25539868783346e-05
4.74209376170427e-05
-9.33257174013595e-06
-1.07114371695887e-05
5.13607711507201e-06
-0.00000000000000e+00
-4.06148205630991e-04
-1.72543059404774e-04
-3.17280934505692e-04
-4.05646740190276e-04
-4.91959647309811e-04
-3.94266325341239e-06
1.01320145291036e-04
1.74133056221395e-04
4.98219273106292e-04
6.04300018472157e-04
0.00000000000000e+00
-4.51302194125738e-05
-1.64231995420467e-04
-6.66393776415231e-06
1.52579281743610e-05
-2.05747259210183e-04
-2.08395183980571e-04
-8.90528183115894e-05
-4.03620962325617e-05
-6.86421108193928e-06
-2.43374723260127e-04
-7.95891730073058e-04
-4.65247640103193e-04
2.89459714909669e-04
-2.65293586177937e-05
-4.12481079453737e-05
-3.84726393835132e-05
2.94973838815126e-05
-2.39819801540346e-04
-5.79263209339779e-04
-6.87675754527943e-04
-7.76155974094270e-04
-8.36480306578148e-04
-7.59497131803477e-04
4.66063485073445e-05
4.09247661712350e-05
7.48379084750295e-05
-4.63354369822531e-05
-8.59463329040001e-05
-1.61181403765637e-04
-2.49322570758991e-04
-3.94722245584780e-04
-4.40523996764670e-04
-4.98602575019630e-04
-5.14222177330413e-04
-9.86085344529740e-05
-3.99696684370966e-05
-8.47427084357270e-05
-1.13916333781426e-04
-1.07275534617247e-04
-1.10454062237265e-04
-1.47289444884075e-04
-1.65019212749581e-04
-1.48531997316518e-04
5.35568283090226e-04
-1.93779331537072e-05
-1.57195321973963e-04
-2.09532925381104e-04
-0.00000000000000e+00
-1.11544789972234e-04
-1.98259895293183e-04
-3.54545915532202e-04
1.06474244446496e-03
3.67605226675632e-04
5.01098266482510e-04
5.51224399221866e-04
1.26146993998797e-03
-6.83102261384396e-05
-4.69843649443588e-04
-2.39395587802762e-04
1.03337041568789e-05
-5.05409741298515e-04
-1.38615937579901e-03
-2.12616508096461e-03
4.92287799265227e-04
4.90595000021958e-04
6.15005974425673e-04
-2.79938218059659e-04
-2.26166231002097e-04
-2.12046548033497e-04
-2.76564642831175e-04
-3.28487409281636e-04
1.44869580957800e-04
3.87625282764730e-04
4.46820783675453e-04
-7.27971945680918e-05
9.26442865313544e-05
1.09419448340874e-03
1.26737503657274e-03
5.43628953167304e-04
-6.09166603572310e-04
-1.59638213352476e-03
-1.25533561549577e-03
9.22230215709912e-06
5.26718345135319e-04
6.18457468920983e-04
4.96235476805376e-04
-7.92022269697434e-04
1.21357979889667e-04
9.13196755162806e-05
1.10323199216437e-04
1.25265853091760e-04
1.38269986617325e-04
1.32330875487644e-04
1.40538553900669e-05
-2.24671559151290e-05
-3.11224546055284e-06
5.09523656325359e-05
5.54247770348950e-05
6.26549049884585e-05
8.38842187041210e-05
9.04245903385659e-05
-5.47866961640641e-06
-1.52622804064104e-04
-2.38750767714592e-04
1.00375812535515e-04
8.87574136838682e-05
-3.23421063594606e-05
-3.38354384144283e-05
1.43056334836546e-03
8.25080193000346e-04
-4.42799826397465e-04
5.69138989612202e-04
1.40544651666167e-04
-7.72032696533752e-04
-5.35732236315602e-04
3.15855405338576e-04
-3.79859186997046e-05
-8.26787735476626e-04
-1.32462424316603e-03
-1.88562983394888e-03
-2.25998992721363e-03
-1.36918380006558e-04
-8.16730815037278e-05
1.55085865998956e-04
5.10917709167549e-04
7.53959100286342e-04
1.00268576882894e-03
1.02086957819053e-03
1.10885491872047e-03
-1.87775698651466e-04
-1.44920989408427e-03
-9.90168772664199e-04
5.22853654702832e-04
7.36024545283478e-04
7.75388884386298e-04
1.05294866441732e-04
1.35387577401510e-04
4.23588597333239e-04
-1.44365743716343e-04
-2.12801709687073e-03
-5.35254718676330e-05
-6.01044996441219e-05
-3.72004107598604e-05
6.69390970025396e-06
6.43047879699592e-04
-0.00000000000000e+00
1.50545013570776e-04
2.74623725971772e-04
2.54142789535404e-04
2.04458407928777e-04
7.90027910394744e-05
-1.39111539091083e-04
-1.83036225813822e-04
-2.19182121907587e-04
-1.84624769521967e-04
-9.94382458832328e-05
-3.03636678873283e-06
-9.62063649558137e-05
-2.06991408323981e-04
-2.85904799503178e-05
5.80909076143620e-04
3.78137280544632e-04
4.73151010277652e-04
-3.43189445219112e-05
6.84710108587698e-04
7.11813046493894e-04
4.26522766863899e-04
-4.18306851254755e-04
-5.38305454182211e-04
4.73481827891971e-05
2.76411011335959e-04
7.26764311633702e-05
1.11395486935063e-03
7.24908435817114e-05
1.02343650755052e-04
-6.39129128230434e-04
-3.97797947206122e-04
-2.52708552735452e-04
-1.03291349327642e-05
5.46891537586105e-05
-3.75052150511303e-05
-2.70671036079993e-04
-2.40265186260637e-04
-5.95784979236921e-05
3.84598131768051e-06
7.69006397564891e-05
1.60708264536789e-04
-1.99580786620506e-04
1.01850236631291e-04
3.57210489410843e-04
5.79106677154762e-04
9.81740639564636e-05
-1.75831421619860e-04
-2.20146479953348e-04
-2.62328951887684e-04
-2.53130768051276e-05
-2.15117227772805e-04
-3.35022219562370e-04
-2.22386459386202e-04
-2.30493120400361e-04
-2.38403348813361e-04
-3.46143546513849e-04
-6.12373749593327e-04
9.75938830973352e-05
1.18724007256168e-04
1.02024062895877e-04
1.52497892018779e-04
4.57442833272696e-04
3.60116235381636e-04
2.54700495391285e-04
1.59282895560288e-04
1.19364535034100e-04
-8.52869032914905e-04
0.00000000000000e+00
2.23598405989716e-04
-3.21520957994332e-04
-1.56173312888635e-03
-6.33967975194648e-04
8.34604525012583e-04
1.43610652920355e-04
1.35732974925770e-04
-1.77009779897978e-05
-2.85203205127881e-05
-5.72273501229529e-05
-7.91090565344356e-05
4.84625208670560e-05
1.82382342710330e-05
4.26615557770208e-05
-3.94712638526092e-06
-1.66280536788708e-05
4.55054862299983e-04
-3.79398080278486e-05
-4.75771536780673e-05
-1.12510670052580e-04
-3.93952415389716e-04
-1.30497271318698e-04
-1.83956432653353e-04
-3.80355434541435e-05
-9.49005174199716e-05
-2.48072228394235e-04
-2.80196581876289e-04
5.29640151808657e-05
-3.20126247106755e-04
-1.07509985868324e-03
-1.02513217417555e-03
-9.07269574865611e-04
-1.13622597929907e-04
-9.61282055300571e-05
-2.13001356239276e-04
-1.86125863232489e-04
-1.25492349002376e-04
-1.03697189655280e-04
-4.66989204320562e-05
-1.98275894785861e-05
-7.35044808563795e-06
5.28529124373115e-05
1.92286802708930e-04
2.63847993018433e-04
1.95419212509288e-04
1.57539401121605e-04
1.15060345583232e-04
-4.62622325999179e-04
-6.16921609747100e-04
-6.28916032439886e-04
-5.97316459129582e-04
-5.16694724146108e-04
-1.57273011712856e-04
-9.95432571987649e-05
1.06904401935586e-03
7.33676701497316e-05
-2.13971046074530e-04
-3.00042756247877e-04
6.63911368557991e-05
7.02274856923146e-05
1.08671886935539e-04
-2.55785184829027e-05
-4.31363894706224e-05
-4.95254662642049e-05
-1.38621300587515e-05
3.47032097075556e-05
5.87193700662122e-05
9.37602192587053e-05
9.89585344851978e-05
3.10968602211480e-05
5.80354544214714e-05
1.27192578272159e-04
1.44399847699501e-04
1.53307717002758e-04
1.59538386504287e-04
1.13948333831091e-04
1.29265884528873e-04
1.46293272885514e-04
1.70239146851497e-04
1.66662930870570e-04
1.09529231942232e-04
1.00460750691086e-05
-3.13213633774515e-04
1.98776321497174e-04
1.85575653934536e-04
1.67074973834438e-04
1.45154990561974e-04
1.14539581714923e-04
1.22368514207427e-04
1.05843612955672e-04
3.92121045495845e-05
1.50754053856632e-04
2.60205740346421e-04
2.70922357169774e-04
2.48762163650322e-04
3.39098897388905e-05
5.93012317475868e-05
4.42455981470393e-05
7.43866929856915e-05
-2.81884330767257e-04
8.70243024391944e-05
3.30426923768662e-04
-5.38895828171513e-04
-4.64520746471593e-04
-4.24938429813297e-04
-4.30911678415590e-04
-4.62782120122277e-04
-4.25871651193870e-04
1.07295320583072e-04
8.12793086634440e-05
6.12575863137837e-05
-1.80673604410207e-04
-1.82983797596637e-04
1.51707029636589e-06
-1.52195828468584e-05
3.53449147806786e-04
-3.52690697071619e-05
-7.30682179665832e-05
-1.85873438309035e-04
-5.89294016955269e-05
-1.58428564459277e-04
0.00000000000000e+00
-6.20019791100608e-05
-8.15988155020884e-05
-9.26460575900805e-05
-8.65289022904566e-05
-6.80117522851517e-05
-4.97352532717475e-05
-3.60567470717920e-05
2.60962422852957e-05
-5.38685365472823e-05
-9.22650088070195e-05
-8.28424048618648e-05
-3.71707535810817e-05
-1.09735290141621e-03
-9.89420555563424e-04
0.00000000000000e+00
-2.07312803331636e-06
-5.04339398699113e-05
-1.64094759631182e-04
-2.18460061859970e-04
-1.26543927203371e-04
-4.18108763810166e-05
2.90953692625336e-04
2.45595785517839e-04
3.02075483010863e-04
-1.22863677124084e-04
-1.70113839548380e-04
-2.04421164016064e-04
-7.53526329213300e-05
-2.24475060042906e-04
-2.65243916891838e-04
-5.74021661575133e-04
3.08203566624269e-04
2.09722665582431e-04
-1.08364478666914e-04
-1.74225077811220e-03
-1.35376811392447e-03
-1.09719988512794e-03
-7.74250037495157e-04
-1.53033173498661e-04
9.80998607974389e-05
-2.64318645247171e-04
-3.97293219573344e-04
-8.78776030458951e-04
-5.96199674580021e-04
0.00000000000000e+00
-6.67995065902180e-04
-1.81125911335227e-03
-1.75683238707549e-03
-1.59300764923117e-04
-3.49502297428321e-05
1.69585685395827e-04
2.51320871923959e-04
1.72640085680786e-05
-7.59061561899852e-04
-5.65127241159884e-04
3.84143474871512e-04
9.47398082595405e-04
-3.28020643619476e-05
1.80760980801179e-04
2.57141441793289e-04
-2.09776204563393e-05
-7.16348980810178e-05
-1.40531306403166e-04
-2.19409608689979e-04
8.81929678124168e-05
9.02908577710728e-05
9.03540474594929e-05
9.50683316201315e-05
1.52945735619649e-04
1.37497906146266e-04
1.35509907578082e-04
1.78820137475859e-04
1.92174259108549e-04
2.05875188620193e-04
2.03087202150527e-04
-1.54185118237221e-04
-4.10688722934842e-05
-1.77845571314936e-05
-3.81959775305829e-04
-6.86440884496310e-04
-5.66757740223161e-05
-4.16865684762414e-05
4.51273197387042e-05
-1.58086250032885e-04
-2.19752016231323e-04
-4.18018846223982e-04
-3.21652329005057e-04
-1.71581554493549e-04
-1.42010540982579e-04
8.79311302722884e-05
0.00000000000000e+00
3.67562610227319e-04
3.43631292708097e-04
3.16796768635415e-04
2.86448772989904e-04
1.51956727969443e-04
6.66004793570635e-05
3.95637195583949e-04
-0.00000000000000e+00
-1.66732550074474e-04
-1.45650486413870e-04
-1.37078847958263e-04
-2.87816409438253e-05
4.75569793966469e-06
1.08358710982371e-05
1.71317945640711e-05
1.05566140739000e-04
-3.74085538343521e-04
-6.81808236266643e-04
-7.84386985718608e-04
-7.39533575192057e-04
-5.11221110808271e-04
-1.17439131507908e-05
4.39019857158720e-04
-3.35259839014922e-04
-6.16136377245614e-04
-2.66853394193382e-04
7.25286816135364e-04
4.86504739216565e-04
5.76630226779823e-04
5.81462366906695e-04
2.53686346087182e-04
-1.96077221648909e-04
-2.82176071728588e-04
-5.84265513479895e-04
-6.07555956691816e-04
-6.34574017023399e-04
2.44728798741465e-05
8.23488412389575e-05
1.27897583346922e-04
1.15898080743068e-04
-9.37936733118334e-06
-3.07901071436260e-05
7.01047816529812e-05
4.91669449741813e-05
-4.85987314726918e-05
-1.11086741908717e-04
-9.06114701728930e-05
-5.02624072035373e-05
-3.02534901614240e-05
-6.99962271314984e-05
-7.25978472113194e-05
-6.43109489457432e-05
1.30900357879570e-05
-1.15170848370907e-04
-1.92035047985755e-04
-5.98966579275434e-05
-5.04027836843267e-05
-1.18505783276850e-04
-6.29585482031573e-05
4.61519807037633e-04
4.26566360807557e-04
5.04232338564367e-04
6.67083428202263e-04
6.83333098357863e-04
3.87440027924799e-05
1.47762913238418e-04
2.36704444281863e-04
2.69651804046822e-04
3.68226729323616e-04
1.64589960645267e-04
4.28882980872888e-05
2.43675855564045e-04
1.78242445177021e-04
4.20530862688804e-04
5.66793746429048e-04
5.80991668622400e-04
5.00030613815518e-04
4.54857293524667e-04
2.37858631398760e-04
1.64311339131990e-04
1.27864898523198e-04
-1.32100980875227e-04
-1.52484322718712e-04
6.57161097014577e-04
2.48511481678158e-03
5.65226613100592e-04
2.91957106545871e-05
7.46368828237449e-05
6.26912060442503e-05
7.37221699719955e-05
9.92332831106850e-05
-4.91199454832795e-05
-1.51671073029926e-04
-1.12373389272046e-04
9.13554605151959e-05
2.39389438478744e-04
2.98790027907716e-04
4.54560382234371e-04
5.57921837614764e-04
1.02907266621421e-03
1.13255340426718e-03
1.26927716294526e-03
6.27446762647966e-04
4.60412527784300e-04
1.16599467916732e-04
3.84542846582402e-04
1.50828192540295e-03
7.24520725462902e-04
6.38186166655777e-04
6.33562022134905e-04
0.00000000000000e+00
6.41478563956942e-06
-4.15092802076511e-07
3.28975624956902e-05
3.11193281007812e-05
2.92497628986139e-05
2.61886917418940e-05
-1.02102557542721e-06
-2.97743288902516e-05
-1.14659618244905e-04
-1.38156712392933e-04
-1.05308090228362e-04
-8.18902494102436e-05
-6.67906796785663e-05
-8.35480238978474e-05
-1.10300202471935e-04
-1.88213209963748e-05
2.22516371313807e-05
2.95378086150209e-05
4.32710966549883e-05
-1.71026082029850e-04
-4.05459418245576e-03
1.12599944130873e-04
1.54241631151802e-04
9.26156171160848e-05
1.30138511913702e-04
1.80403306689108e-04
3.23585484644305e-04
3.50266625496058e-04
3.44885613980343e-04
0.00000000000000e+00
-5.71003616105673e-05
2.99895494207247e-04
6.55987524390250e-06
4.91262970502162e-05
1.01602977876320e-04
1.35304075978568e-04
1.15863332502164e-04
0.00000000000000e+00
-2.15617794489142e-04
-1.61818258407248e-04
-1.44179184287433e-04
-1.08499739970511e-03
-4.16171735246846e-04
-2.04283858599193e-04
-2.86906867931399e-05
1.05401921351688e-04
3.28030155095954e-04
-1.10484819161803e-04
-1.15926614144471e-05
-1.22219549622969e-05
-2.73560373718279e-05
-3.11047285011239e-05
-4.90830702690097e-05
-7.57898489724952e-05
-1.01384629614725e-04
-3.36756378171863e-04
-4.82699743438629e-04
-7.34079450406122e-04
2.43201962889013e-04
3.28430732221565e-04
4.08354030985592e-04
-6.09865956125612e-04
-5.95855633142786e-04
-5.50674478194452e-04
-3.17104977820829e-04
2.10951062449812e-04
1.32073407432257e-04
-4.02374365264597e-04
-1.00677756483974e-04
-2.58853958801940e-04
-3.95053215238076e-04
-4.83213934605597e-04
-1.20875794955033e-03
-1.33062898254608e-03
1.98181187482161e-05
4.71295172885041e-04
-4.80215658568885e-04
-8.10088342948512e-04
-9.98558890299516e-04
-6.20845536225764e-04
1.45412720945366e-04
4.27652821062136e-04
-1.48172606498051e-04
4.90993258489714e-05
1.47141340116240e-05
1.05902640300510e-05
3.40816728202643e-06
-5.69084747280151e-04
-4.79435958007476e-04
-1.49219005202510e-03
-4.17101100333178e-04
2.44213244654124e-04
2.71499002672232e-05
4.29441486387738e-05
1.10520812257336e-04
1.20887439425479e-05
1.15036357434797e-07
-5.49837785283495e-04
-6.64803864380506e-04
-8.12701996820630e-04
-7.77319755111128e-04
-5.83198229342024e-04
5.24118801365331e-05
1.93284989105979e-05
2.67594189842589e-05
-9.86289947795604e-06
-3.91514663487297e-05
-7.99507886466379e-05
-1.15141113981340e-04
-1.83271666649828e-04
-2.24093243469677e-04
-2.50374426018997e-04
-1.62143894674586e-04
-3.56810747792066e-05
-4.65591054952632e-05
-6.50968153279612e-05
7.94680681806898e-06
4.15544417576753e-05
6.44899781216665e-05
1.36685897871247e-03
2.78545615459566e-04
2.21896212343972e-04
0.00000000000000e+00
2.00977402839079e-04
1.75226477263118e-04
3.38516933775745e-05
-7.78015434999790e-05
-5.21301777991394e-05
3.10627077756425e-05
1.33930651744747e-04
4.20542119801533e-04
4.07273331497547e-04
1.40796416645411e-05
3.30946003258965e-05
-5.60908745245879e-05
-1.11595513952372e-05
-1.06784301746616e-05
-3.88824271005795e-06
3.08227238152837e-05
6.58539029613384e-05
1.45311971159767e-05
-1.02224059481203e-04
-7.74809714330551e-05
1.01550624765494e-04
4.83848934241100e-04
-3.07775505336708e-05
-1.15078008627322e-04
