-3.29346916202478e-05
-4.27194856498506e-05
-0.000132307645792486
-0.000178134027503919
-0.000191450802493877
-0.000164329149425664
-0.000110131339044415
0.000203104389387976
0.000228549056403127
0.000242826435281994
-2.15408769502728e-05
5.10910229759512e-06
-3.07915247791633e-05
-3.46746771164780e-05
-1.44497088300757e-04
-5.88772149422607e-04
-3.97469651556883e-05
-4.09859612839227e-05
-4.88350451752010e-05
-7.67452579323854e-05
-6.50065014438627e-05
4.08882215700749e-05
1.16722403286068e-04
8.35783795052863e-05
3.92224385434875e-05
2.15653478475447e-05
-1.01933017335553e-05
2.48485811449659e-05
7.54793864995753e-05
5.42829170967745e-05
-3.00029088874145e-05
-1.22064895072722e-04
4.36195231182967e-05
2.53628278495174e-05
5.19889887909158e-06
-1.32550374424607e-05
-1.62096543344865e-05
-2.38788516521031e-05
2.11874211136462e-04
3.15510807570041e-04
2.98718220943883e-04
2.87878573277830e-04
1.74820353442235e-04
1.02117446283714e-04
-6.12420461188616e-05
-5.27564166952007e-05
-3.34605212128688e-05
1.03332496606086e-05
4.28042253601518e-05
-3.18028520555828e-06
-1.22110626173249e-05
-5.95123299960396e-05
-4.78647875431344e-05
-2.96842811318067e-05
-3.34286004058542e-05
-2.82998518209094e-05
8.42520904696804e-05
5.44112514522105e-05
3.30247147302615e-05
-3.58897546271099e-06
-1.74542450035243e-05
-1.66195176779710e-05
9.16328501995348e-06
1.91945993832425e-04
1.82419510803114e-04
1.61192537128243e-04
1.79223292708858e-04
2.60720865130172e-04
8.87361531177800e-05
6.56645711281586e-06
-6.07329642765961e-06
-3.88652111630678e-05
-8.24155680135505e-05
1.38048204241463e-05
7.11357878837832e-05
7.65018420952274e-05
9.71704552673632e-05
1.53818000026696e-04
2.33375853335465e-04
-4.47028307441781e-05
-5.02253686057255e-05
-5.58609742640763e-05
-1.53178713571822e-05
-1.22171675910989e-05
1.97716244413059e-05
2.35490104809122e-05
3.15106346828889e-05
3.32729377250913e-05
3.44935983231094e-05
4.24265167902684e-05
4.68329646123226e-05
3.38705854567911e-05
2.69435290629933e-05
3.50050111595393e-05
2.46002578148143e-05
4.30808461658243e-06
-1.11482934842769e-05
-7.97840530269992e-05
-2.37501514041294e-05
-1.04029823706597e-05
2.54614577007029e-05
6.40471644577147e-05
6.35459141283835e-05
8.32253694738790e-05
9.52073503085819e-05
1.06146666869677e-04
1.15139823264664e-04
1.16988649182409e-04
8.18211173212650e-05
-1.12192709751819e-04
-1.03328887618576e-04
1.57765940596327e-05
8.78293955169922e-06
-1.44719426379009e-05
2.01730864794644e-05
1.82946650596525e-04
-3.66194108906879e-05
-7.88641613922844e-05
-1.32528077124696e-04
-1.29330828234979e-04
-1.26778662196835e-05
4.32793472396320e-05
8.93049804958283e-05
2.72327838962235e-04
2.41930636968802e-04
1.55474401821634e-05
1.56442229128051e-05
2.21223236962302e-05
4.50412185714542e-05
4.90750362833630e-05
6.86662696563977e-05
3.49394608456217e-05
2.09936601024971e-06
-3.50561295750498e-05
-9.49563439156520e-05
-7.65761507297032e-05
-6.48206059745125e-05
-6.37765619571905e-05
-9.63765682517398e-05
-2.15369215942505e-04
-3.42269333671528e-05
5.26259052229266e-05
6.05149257047617e-05
7.29931468997677e-05
2.48526337461855e-04
2.43819358210938e-04
2.76663427031369e-04
2.95074636397878e-04
3.49521426558202e-04
4.74224711425374e-04
-1.36688600460469e-04
-2.41113957822101e-04
-2.38159795873840e-04
-2.36668902417106e-04
-1.07971586167487e-04
-6.85744959030417e-05
2.05533443115395e-05
6.83041796170054e-05
1.16437491089173e-04
2.30916698152783e-04
1.81035949436290e-04
1.75723518479738e-04
1.81122114498370e-04
1.95198478308571e-04
9.02262583205840e-06
2.35363596916958e-05
6.80128717327236e-05
9.34109338495727e-05
-2.97463048937925e-05
-2.17144083891436e-05
-1.60575852813177e-05
-2.32020984568918e-05
-2.26828583647642e-05
-3.03627453248463e-05
-1.88687229654396e-05
-1.08459890615808e-05
3.93803535683909e-05
0.00000000000000e+00
1.13890153857716e-04
5.66317141652532e-05
4.93671716437840e-05
-5.96772695456882e-06
2.43675970267540e-05
3.57719286913256e-05
6.49959302057850e-05
8.63824582076561e-05
8.95604708230119e-05
9.03800139650383e-05
9.21856670668869e-05
9.45386441247093e-05
9.50162572978183e-05
3.44590907974793e-05
2.07631524964144e-05
4.93567655792226e-05
4.02620954544952e-05
3.97892887980538e-05
3.64080879520701e-05
1.25706423748465e-05
-4.24826224735777e-05
-1.57100818279850e-05
-3.52738958167924e-05
-4.14188933337183e-05
-3.09721110634941e-05
-1.92515882943466e-05
1.34236908019711e-05
-7.20609621683563e-05
-9.07588683967104e-05
-1.07313461695461e-04
-1.32190101124571e-04
-1.33107683111776e-04
-1.20821601893237e-04
-2.89830188681193e-04
-3.39028210356420e-04
-3.87203250751959e-04
-4.33579104231419e-04
-6.41096939406844e-04
-2.19765417150434e-03
-1.56563654170202e-03
1.00859666211277e-03
8.72584099014981e-04
6.98216778091708e-04
5.03182043158203e-04
2.93188064733582e-04
-6.06642589284002e-04
-1.77645175710452e-04
7.60819600545742e-04
8.40175586600800e-04
-1.53656626783344e-04
-1.33672511868427e-04
-6.77621893735383e-05
-6.00160043498266e-05
-8.82057802193896e-05
1.07419864522580e-04
1.14091596621414e-04
1.46593462090622e-04
2.82517252750446e-05
3.83412673568566e-05
2.75932727418321e-05
6.64838245362202e-05
3.57183009010259e-05
-3.36408726840037e-05
5.86970342213799e-05
5.03617539757539e-05
9.50625975097024e-05
-7.69858108989989e-06
-2.13245095977139e-04
-1.91579061379886e-07
6.50519401738419e-06
3.68073040924143e-08
-1.32418116602510e-05
8.42230745855144e-06
-9.00774047871058e-05
-1.55035795903723e-04
-1.53260438578210e-04
-3.09729480821321e-05
-6.32464796393742e-05
-8.78652208266148e-05
-1.25776617836512e-04
-4.13727572309220e-04
-3.89255291084755e-04
-3.17157377023496e-05
1.94036350695906e-05
4.12045426775889e-05
4.52614372837322e-05
8.46220231851580e-05
1.24898755127297e-04
1.31018193321570e-04
8.09661118473984e-05
-0.00000000000000e+00
-9.05906796444072e-05
9.64033515298613e-05
1.77445248244745e-04
2.51738981486001e-04
2.86742311230668e-04
4.03977506117232e-04
4.10926353453790e-04
4.10447702119717e-04
4.01738168716751e-04
1.20948713514740e-04
-1.88091655511285e-04
-3.37473159790574e-05
1.06918441363964e-04
3.19212210816952e-04
3.86493409263118e-04
3.57586358382913e-04
3.26553511504487e-04
2.58603891093356e-04
2.26056063157335e-04
1.31380672426412e-04
3.22216306205575e-05
-4.72352001975943e-05
-7.17146817513168e-05
-4.61366840058319e-05
-5.40252305677554e-05
-5.00489349289678e-05
-1.88879305518334e-05
-1.08623169540894e-05
1.13056602134135e-04
-9.27771294331922e-06
-1.20817695612749e-05
-3.14369417391351e-06
2.32984386405513e-07
9.69547510519424e-06
0.00000000000000e+00
-1.36937474340788e-04
-1.34754681191533e-04
1.96537157276716e-04
1.62523895234124e-04
1.06534165789211e-04
-1.43481025042336e-04
-2.39011250268287e-04
-2.41113604423101e-04
-2.00036932545956e-04
-1.62861694800826e-04
0.00000000000000e+00
6.82837733041059e-06
6.12373184094455e-05
-1.55706653661015e-05
-5.36318058895872e-05
-1.25137866922628e-05
-4.75762546876129e-05
-7.83943159582243e-05
-8.53787468369160e-05
-8.24971768046404e-05
-5.34432895953525e-05
-6.21524544208189e-05
-6.07001574685361e-05
-4.13837343178781e-05
-2.25529986729663e-05
-1.82347161851964e-05
1.10753827835256e-05
9.99443496072095e-05
-3.48472246560072e-04
-2.78516589137915e-04
-1.44509501156416e-04
2.26998084245577e-04
2.19099587336899e-04
-2.01994070564597e-04
-1.15515240135159e-04
-9.61105951450782e-05
-6.28557206443004e-05
-7.22226999980494e-05
-1.08545681004800e-04
-1.14815556509159e-04
-1.17534890965819e-04
-5.97626756828102e-05
-4.71572728758828e-05
-4.98529884268031e-05
-5.59582333577029e-05
6.58343641087361e-05
7.18298195083826e-06
2.92151556060998e-06
5.23158406564785e-07
6.74601295242364e-07
-3.47987197543033e-06
3.97646181614086e-06
1.45386799346408e-05
1.85807391240938e-05
-7.75072427543089e-05
-1.14163837557285e-04
-1.53133867178238e-04
-1.69220329826310e-04
0.00000000000000e+00
1.24486082213384e-06
-1.81247130785514e-05
-3.10944692749354e-05
-3.64619439749910e-04
-3.54101537140357e-04
-3.63659010153711e-04
-4.19806896257978e-04
-1.14517436439474e-03
1.87253383927567e-04
2.02638770223773e-03
2.02106550397140e-03
1.93009333137630e-03
1.25311512512279e-03
5.75751224739808e-04
-8.59454657400162e-04
-1.90295951301314e-03
-2.13750137304141e-03
-2.25599812753015e-03
-5.74193405905982e-04
1.12911606551835e-04
1.32337682499053e-03
1.77790608105767e-03
2.13879275736638e-03
2.81567003330087e-03
-1.00639739870757e-04
-1.43860671593316e-03
-3.33872971093697e-04
-2.99306995131469e-04
-1.26301548898267e-04
-4.37772020431577e-04
2.14641258093719e-03
8.28206020966868e-03
9.22790668595972e-04
8.60547848696252e-04
7.86465510742444e-04
7.80417545379417e-04
8.03376382529577e-04
8.56060885539768e-04
2.34945133329425e-03
-4.10709169510071e-04
3.92133926659605e-05
2.82976914306564e-05
1.22749756731028e-05
-1.93032673104886e-05
-3.27313630943290e-05
-8.85467934553360e-05
-1.25806573795883e-04
-1.22467323902662e-04
7.04632571293355e-05
1.03122733654348e-04
1.30475224397504e-04
1.77675612604499e-04
1.93408352968580e-04
1.75838829670810e-04
8.31942129859337e-05
5.05336062976917e-05
-9.33467403846291e-05
-1.38317335322557e-04
-1.56817999397546e-04
-1.60930814751197e-04
1.00444379561020e-05
1.93347008683295e-04
8.40000081400698e-04
1.62232525305459e-03
2.20164946470989e-03
-5.56091701533316e-04
7.12183276103234e-04
7.36754493022618e-04
6.42480852878565e-04
5.18529346205767e-04
4.95861000578524e-04
4.96720167621930e-04
5.75634948486455e-04
1.39130999281567e-04
-3.76949216541532e-05
7.79717532688394e-04
9.32910471597996e-04
-2.00528604082469e-03
-1.95331206713729e-03
-1.32366125813949e-03
8.93173790679760e-05
3.86794767309416e-05
9.30096361020375e-06
-5.57669464733606e-04
-5.73772735289685e-04
-5.73409962749989e-05
1.12193729335752e-04
1.69150623409532e-04
9.14013800347179e-05
3.45723529758271e-05
1.21193384390030e-06
-4.43258291053335e-05
-8.32194852837719e-05
-9.38751841260139e-05
-1.31523452564651e-04
-1.36137331546047e-04
-1.38559762876146e-04
0.00000000000000e+00
-1.38977341130246e-05
2.39958574893454e-05
3.74414732402683e-05
4.53658281917182e-05
7.37809330537204e-05
-1.26699779960064e-05
-2.74509021690872e-05
-5.17223491364894e-05
-7.34894064539179e-05
-1.37130163682168e-04
-1.92331878666731e-04
-2.51603448808981e-04
-2.66493139192207e-04
-3.29869775090691e-04
-3.11317506283499e-04
-3.39049211122238e-04
-2.90314488231113e-04
-1.76068539395803e-05
-2.08271634190428e-04
-1.79044638314871e-04
-8.87679224663525e-05
2.44941541625655e-04
2.85113282812777e-04
2.51941528954171e-04
1.19175045864589e-04
2.88415839573246e-06
-4.10987023378312e-05
7.17278922219887e-05
6.00921249342681e-05
-6.84368065366616e-05
-5.48488827653426e-05
3.81161097544664e-05
1.42500759348935e-04
1.63336197530580e-04
1.73166871252774e-04
4.18601458618202e-05
-1.33915786370174e-05
-8.99231573471847e-05
-1.20335465007160e-04
-1.62251211864169e-04
-1.74760383808914e-04
-1.02640037691698e-04
-1.07060123171491e-04
-1.04326392688478e-04
-6.67388978235571e-05
9.20029932128158e-05
1.21905805207795e-04
1.38823122015460e-04
1.70699353720898e-04
3.06749233370499e-04
2.51060257105669e-04
2.55282961201115e-04
2.83646124017493e-04
2.96827829728196e-04
2.95932045928310e-04
1.95438257268484e-04
5.28394388887802e-06
3.82881801509206e-05
5.65894949461240e-05
6.62814263736855e-05
1.14655656632438e-04
-3.99689400384594e-05
-2.18425590097545e-04
-2.69370549698900e-04
-4.79506374016066e-04
-5.30310102931821e-04
-4.82906919828979e-04
0.00000000000000e+00
-5.36650180300941e-05
2.22509713334698e-05
7.05908412194201e-05
1.25685399265487e-04
1.11236982212768e-04
1.72825675911122e-05
-3.18239790025009e-05
-1.74090237796240e-05
-1.71072598566307e-05
-1.51895081565506e-05
5.41693695505482e-06
-8.77803130159474e-05
-1.95805668913866e-05
1.47983056457316e-04
-1.20254794561772e-04
-1.68410387840897e-04
-1.32865935373533e-04
4.92089586728037e-05
5.88956059145153e-05
-1.61846671057945e-04
-1.17223392605686e-04
-1.50420928082415e-04
-1.85137366027347e-04
-1.15721360561556e-05
1.30641927059844e-05
2.21264230278760e-05
5.64367858803512e-06
-9.99549952138858e-05
1.13183031364181e-04
8.66968755806387e-05
-2.24249725305617e-04
-2.73384820188867e-04
-2.20730601658821e-04
-1.99576782217976e-04
-2.50397357006129e-04
-2.70544684181679e-04
-3.08565238365995e-04
-3.18798216055320e-04
2.40329784380740e-05
4.59551612988118e-05
7.28224554487958e-05
8.71946451596129e-05
7.78453974495137e-05
5.97873729029941e-05
3.22673594110504e-05
2.95201638335072e-05
3.36093613699167e-05
-4.26459759365846e-05
-9.36357428544482e-05
-8.26386477701155e-05
-7.57616723444351e-05
-7.33615197372153e-05
-1.15774691978054e-04
-1.38902432116586e-04
-1.57666180485156e-04
-1.83944866564435e-04
-2.06786020916290e-04
-2.31243220082524e-04
2.72371243894272e-05
4.22055883531401e-05
3.73682372237637e-05
1.35111656778189e-05
2.63223571732525e-06
-2.72839932242921e-06
2.64152441213646e-05
7.58236413912575e-05
1.02970739247950e-04
1.41400116377318e-04
1.47928973082248e-04
2.63364726332120e-05
4.62488362186345e-05
7.19947947607638e-05
7.51512520085042e-05
7.64363850293006e-05
8.01978931009774e-05
9.02814633685977e-05
1.08682827573537e-04
1.21574615327176e-04
1.52144968208504e-04
2.07528743073824e-04
2.60215249585430e-04
2.86175972304059e-04
4.03213339280229e-04
1.00108856237036e-06
7.22019921954075e-06
1.56723295988249e-05
2.64710179458388e-05
2.43729759119252e-05
3.66107165133369e-05
5.43058300269349e-05
-3.49499492490039e-07
-1.56436335782467e-04
-1.40117199211792e-04
-8.06755701689161e-05
-5.68005063324406e-05
-4.85694618596544e-05
-6.57739779314393e-05
-6.72441138290807e-05
-4.82023116231008e-05
1.06393603671144e-05
5.49083012558701e-05
-7.96024075736938e-07
7.59767620543871e-06
4.94341101070389e-05
7.93720322322062e-05
9.81736551771068e-05
1.00075632268185e-04
8.78291159060587e-05
1.51515410095181e-04
1.69326984120644e-04
1.95999070338509e-04
-3.55143605908832e-05
-6.34420007202580e-05
-1.03332836048124e-04
-1.28679626343818e-04
-7.71612720149353e-05
3.85592515037938e-05
5.47929805706772e-05
-4.78087933582982e-06
-5.31411473951337e-05
-1.41131355554848e-04
0.00000000000000e+00
8.92734813003518e-05
9.29312583477812e-05
9.55082655781037e-05
9.67266044704731e-05
9.65317603869347e-05
8.50390398952613e-05
7.34656635198840e-05
-1.57334296820135e-04
-1.71060882639600e-04
-1.75365147136354e-04
-2.17307290576542e-04
-2.34568275394079e-04
-3.14685920290117e-04
-2.94575428997777e-04
0.00000000000000e+00
-1.57313473189217e-04
-1.49548367966759e-04
-1.04088661326243e-04
-1.42467796087437e-04
-2.83394963432782e-04
-2.17393902987088e-04
-1.04987852330308e-04
-5.04907178942134e-05
8.20622413139016e-06
2.50963699851330e-04
3.81175946676429e-04
1.25373873511489e-04
-2.45776380171509e-05
2.67291785314365e-04
2.61829500264927e-04
1.34627155130484e-04
-6.87769102841957e-05
-1.10186568281272e-04
-4.97381164894021e-04
-6.46010935631540e-04
-6.56868855404662e-04
-6.56178950747462e-04
-6.43517011768382e-04
-5.97132642788066e-04
-6.56917494874948e-04
-8.85814502527368e-04
-9.57546042946981e-04
-9.51150653542594e-04
-7.48726507304042e-04
0.00000000000000e+00
-1.10214265982330e-04
-1.93748417723698e-04
-2.14334665223744e-04
-1.76967722695721e-04
2.79154832400545e-04
1.74323847476339e-05
-1.84209455694335e-05
-2.74104734202309e-05
-4.32803042833101e-05
-9.01966636094931e-05
-5.53757663626200e-05
1.19729310664005e-04
2.03812503079837e-04
2.38126625180916e-04
2.01517808011835e-04
6.46478816689638e-05
6.65261507546976e-05
6.57828681658543e-05
6.75464421866372e-05
2.98688732820929e-05
7.63089269268063e-05
1.11179996527247e-04
1.19380869227803e-04
1.21443144404434e-04
1.18694806944166e-04
1.15695277381125e-04
9.73436026841580e-05
1.02473802805304e-04
1.37549560707487e-04
1.51532904313239e-04
-4.13418612410960e-05
-1.24694350209947e-05
-8.53261675966886e-06
-4.61224109313698e-05
-5.49640368498775e-05
-2.28390570207067e-04
-5.94425063359377e-05
5.01024475803736e-05
1.75714395609123e-04
1.82538104541161e-04
1.14316394027740e-04
1.03748120933805e-04
7.48383228903868e-05
7.82281759041900e-05
9.58716565418645e-05
0.00000000000000e+00
4.27430100014023e-05
4.57954229914695e-05
3.85419708127490e-05
2.71343022488712e-05
-2.26555107851182e-05
-1.69010978919423e-04
-2.02072524803976e-04
-0.00000000000000e+00
2.78313247755626e-04
2.33899695234080e-04
2.22582430234437e-04
1.79380418633222e-04
1.42015815928291e-04
1.32533498812026e-04
1.21257334611966e-04
8.04274088919197e-05
1.84722147866591e-04
2.06663130308408e-04
1.78762140261290e-04
1.62988122688392e-04
-3.69279029476921e-04
8.41666931010141e-05
1.44491916568839e-04
1.44343566913155e-04
1.34014298965942e-04
2.30056718932681e-04
2.48388410355429e-04
2.10288400174979e-04
1.34999335920771e-04
1.30252547191669e-04
3.57899675477982e-04
7.01414916876875e-04
9.68974751123958e-05
6.22175708594548e-05
4.53602948003106e-05
5.60387908290980e-05
-3.15724875011099e-04
-3.07409349479313e-04
-2.83694007671088e-04
-2.76293981467101e-04
-1.45295727504906e-04
-5.52926254260089e-05
2.72798311588812e-05
5.51798561800036e-06
-1.06689837298902e-05
-4.18625466045143e-05
-3.36202267443285e-05
-3.01467966085978e-05
-2.66459463025025e-05
2.71798760977285e-06
2.85997672083116e-05
4.08048513474184e-05
4.81615794131113e-06
-7.72780327345344e-05
-6.85202927327271e-05
-1.05246827786030e-06
1.49642900094858e-07
-6.07605770506254e-06
-3.49986977263140e-05
-2.94867931472272e-05
-6.68315976709665e-06
-7.21970610578195e-06
-2.18036274620071e-05
-9.83541398078238e-05
-1.40982727279972e-04
-1.70258976562846e-04
1.61832993452333e-04
8.02737528571220e-05
1.41521140066087e-04
1.57708583599967e-04
1.51687983413970e-04
-1.60210995691059e-04
-2.50183394266479e-04
-2.11092288140417e-04
-1.61636444502837e-04
-1.44608097046466e-04
-1.03331366684745e-04
-9.61833802089779e-05
-9.37922609615586e-05
-8.58593713395952e-05
-8.21361544486954e-05
1.53198842341934e-04
1.34399143075266e-04
7.64274041230067e-05
5.83529513365621e-05
1.42386845257073e-04
2.36099932554676e-04
2.00881235678214e-04
-2.84575251146077e-05
-1.90223202092537e-05
-1.31394194521952e-05
2.70167454454137e-04
2.77429657781424e-04
1.45222926391709e-04
7.48852884927190e-05
-6.40886746292812e-05
-7.86603967898992e-05
-8.58630399888867e-05
-8.59124584729647e-05
-1.25488481883626e-04
-1.82905617380569e-04
-3.44875008248974e-04
-1.40769873659258e-04
-8.36985584712715e-05
6.08551469616979e-07
-4.08920257266572e-02
1.50246270683489e-02
3.78355826598399e-04
-2.27738254782507e-04
-2.37930503587809e-04
0.00000000000000e+00
-3.24601175455011e-05
-3.82449182837970e-05
-3.05172674895548e-05
-1.40491554373484e-05
-1.07014987721229e-05
-7.83317508257374e-06
-3.39085688708207e-06
-1.00220147895456e-05
-1.81924343701786e-04
5.52900393846812e-06
3.53343391160428e-06
3.28567253665931e-06
7.07556020498001e-06
-1.02195678300190e-05
-2.84096198240922e-05
-2.87237094261541e-05
-2.01917399115534e-05
-3.28964542596472e-05
5.91922329859031e-05
1.16101150641874e-04
2.18301811093923e-04
-4.65146523397031e-05
1.47331550536585e-05
-2.99919190057697e-04
-3.19723536851717e-04
-3.72493751395271e-04
-3.71874914732742e-04
-3.34111876304212e-04
-3.13487037560789e-04
0.00000000000000e+00
-1.97670341487084e-05
-1.02610236081336e-04
3.09778653111352e-05
5.23852712962548e-05
9.85823006123329e-05
1.33935133610854e-04
1.26512604634828e-04
0.00000000000000e+00
1.67031635445909e-06
2.39779531373547e-05
3.96363531674806e-05
8.71420388157865e-05
1.33623279070004e-04
3.44470591821782e-05
-3.48287793507729e-05
-8.60351684143759e-05
-1.56385697430834e-04
-1.80651217079422e-04
7.58786954525114e-05
2.78152826379538e-05
-1.35966695257732e-05
-5.87838493828109e-05
-9.26884692314579e-05
-1.30459508204559e-04
-1.44028932469493e-04
-1.84763550942054e-04
-2.03471868919347e-04
-2.53771722242233e-04
1.57919709798628e-05
-1.92699360399287e-05
-7.22824378780634e-05
-1.03179081975945e-04
-9.09750602713057e-05
-4.36861660180757e-05
2.44437197156248e-05
4.21030059965874e-04
4.89827483792111e-04
7.14161068503457e-04
7.15608113695034e-04
6.57468004429013e-04
6.45027664305041e-04
6.03984397934016e-04
2.86946470038631e-04
1.53976491217752e-04
-1.23976715003240e-05
9.64474892387164e-05
2.42338832164994e-04
2.42380953032286e-04
1.59857835979090e-04
1.70899597044520e-04
2.14387754231749e-04
2.28795649106204e-04
1.08376491777750e-04
2.46231137560600e-05
-4.54974477186191e-05
-7.08188372737176e-05
-9.68599043479379e-05
2.05178181888817e-04
2.98667306827342e-04
4.63181003303194e-05
-1.75101898552148e-05
-4.63992317062098e-05
-1.29960064515742e-04
-8.69947495143300e-05
-6.71964875810611e-06
7.68756252391536e-05
9.80764967695403e-05
3.34531203048847e-04
3.62681921302040e-04
3.75763957984662e-04
3.25570535148838e-04
2.19483258021248e-04
-4.73601313158216e-05
-4.13265528236701e-05
-3.64223552695874e-05
-3.19158108332697e-05
-3.70174659423669e-05
-4.46970122872526e-05
-6.41112231908011e-05
-4.70787504602493e-05
-1.21282141359232e-05
-1.58846511980258e-05
1.28924471076420e-04
2.18118927849130e-04
2.38340887088179e-04
2.45715033926929e-04
2.46824884647813e-04
1.93733562943839e-04
1.82677519297731e-04
9.13666286734530e-05
7.38037475594776e-05
1.93003736765731e-04
0.00000000000000e+00
-1.83334252318643e-04
-1.52567724411053e-04
-3.22334949095352e-05
1.33681961542409e-04
1.36418283859978e-04
1.08857423466644e-04
1.10540659602351e-04
1.56574098719214e-04
1.87248056866992e-04
2.49405363085993e-04
2.71005052426948e-04
1.40074122703774e-04
1.27837575833872e-04
9.28259356250805e-05
1.15652313701967e-04
1.26157074210613e-04
1.28743945409330e-04
1.25452378535344e-04
-1.47245435835677e-05
-8.61817202584732e-05
-1.54124366905147e-04
-2.15622531087958e-04
-4.04757331565639e-05
-1.50582281079706e-05
