0.000492219225091919
0.000799794299677754
-0.000399792239626662
-0.00114585604182162
-0.000905136369159502
-0.000343817340954181
-0.000111389967116015
-0.00485713716355914
0.00227180215101238
0.00192098512614243
-9.64270237066909e-04
-1.70379210849925e-03
-3.26878529613842e-03
-2.73278141371884e-03
-1.63876750861212e-03
8.71846949217083e-05
3.12324683649401e-04
3.08237185633214e-04
3.53631067996973e-04
4.08234401251482e-04
4.00206312929467e-04
-1.77776897943181e-04
-3.54512596283497e-04
-2.55532065105238e-04
2.59926246583455e-06
3.95365811070218e-06
-1.52962458298269e-05
1.36471012998467e-04
4.68135381761600e-04
4.80112685477853e-04
3.63679454043978e-04
4.18323975456078e-04
-4.78122444434576e-04
-3.31219613654243e-04
-4.12506635486706e-04
-4.16747138216803e-04
-3.75518878632376e-04
-3.06923621687048e-04
-1.27673600157621e-03
5.77392668770885e-04
3.74732962632793e-03
-2.38920755936628e-03
-4.16588760804019e-03
-2.54550536659882e-03
-2.72351519271354e-04
-2.49585225083790e-04
-2.07472327785415e-04
-1.18045533375497e-04
-2.89443264984447e-04
3.07994288707217e-05
1.69882728067825e-04
1.67703261029652e-04
1.27556303404790e-04
6.04463589090504e-05
5.55437814632176e-05
-1.67714820708527e-04
-1.59777466817839e-04
-2.36401671139856e-04
-2.89944966750160e-04
-3.51414140120541e-04
-3.76791330555335e-04
-2.16663987225600e-04
7.99722587219731e-04
4.35255987941486e-04
6.03824285159191e-04
8.28513690488303e-04
8.70256642674419e-04
1.62561403914288e-03
-4.71145595512523e-05
1.44152615128953e-04
-1.33550785070458e-05
-2.47592189382507e-04
-4.34070904439273e-05
1.63934247014777e-04
3.76974452132800e-04
3.45493383315807e-04
3.67681790218266e-04
-1.90972470860117e-03
-3.54738672940987e-04
2.81611450475929e-05
4.17708997216409e-06
-1.03238362577971e-05
-4.23947492195758e-05
-9.87299573544128e-05
4.14725706143913e-05
6.90914560515584e-05
1.96833443212847e-04
2.29056982635499e-04
3.14294247549394e-04
3.47021073215842e-04
3.79795001139493e-04
5.42116712911256e-04
7.03816722489172e-04
8.36839514686187e-04
4.44635331785300e-05
-2.23485523201282e-05
-2.33715500808849e-04
-6.41893289790077e-04
-6.88809326836207e-04
-7.27247507519270e-04
-7.64734231602677e-04
4.11032565878429e-04
1.66117126397258e-05
-3.33517915121548e-04
-5.03135926705213e-04
-6.63986127092856e-04
-7.58391017763007e-04
-3.14403753672065e-04
9.08307155261177e-05
3.92695370550474e-04
3.43007088190510e-04
1.03462335108457e-04
6.85912950667837e-05
2.80005323280799e-04
5.51811207521688e-04
-1.29673147768482e-02
-7.28727747532143e-04
-7.95047051977445e-04
-6.56575313632327e-04
-7.86755941079681e-04
-8.02633071119726e-04
-1.14722662623686e-03
-1.08000025753671e-03
-6.37215796327890e-04
-6.37667987716108e-05
3.93820355517016e-05
-8.12585364821960e-05
-2.43487062658293e-04
-4.42207959436473e-04
-6.35266796210166e-04
-1.55691864813895e-03
-1.56908602846289e-05
3.22838471821375e-04
3.15508588703260e-04
-2.57981903894465e-04
-5.70442829365204e-04
-7.58776757161892e-04
-1.96061381367198e-04
-2.52152733297309e-03
5.99612678636539e-03
-3.90510277683229e-04
-6.81741779766091e-04
-7.20592063860941e-04
-7.60365199204329e-04
-1.05317494337820e-03
-1.40930092574727e-03
-1.68133312682877e-03
-1.81999136948852e-03
-2.17940840596439e-03
-2.81578888275127e-03
3.97507344341960e-04
5.36989024487028e-04
6.36878191928869e-04
7.04050267597153e-04
2.24785675836809e-04
3.58397522727331e-05
-2.07779262158317e-04
-2.68489888292141e-04
-2.99558142642111e-04
3.59367248301602e-04
4.57279365892332e-04
4.68438513176659e-04
5.17533430185641e-04
6.00559705269670e-04
-1.25468495392290e-04
-1.04973281176730e-04
7.10847730920678e-04
-2.57662353007937e-04
3.17873391819593e-04
2.98310788784751e-04
2.63261379583931e-04
2.27765030042027e-04
1.89190540873173e-04
1.39991327885321e-04
3.60410555998334e-06
3.83787212807355e-04
-1.36088093336580e-03
-0.00000000000000e+00
2.33977309201421e-04
2.23037248591507e-04
1.86591870078539e-04
-1.41075989602649e-05
-9.56326867108541e-05
-1.13950354409830e-04
-9.87202473721940e-05
-1.64843635212743e-04
-1.98210019325513e-04
-2.38217372299292e-04
-2.87987336004781e-04
-3.44440617926385e-04
-5.15743301955082e-04
-6.28759038211679e-04
-7.27224386432019e-04
-9.56588038366981e-04
-2.26317374019266e-03
-1.25097595072164e-02
4.76390628322252e-03
-1.92654897362585e-03
-1.79877340304950e-03
1.72615464969912e-04
2.50562297825691e-04
2.42366687952237e-04
2.18306854999898e-04
2.08940506297671e-04
-7.35060978321742e-05
-7.58260279351005e-04
-6.72815022665042e-04
-4.52384865452003e-04
4.90690714633753e-04
5.04227574523308e-04
8.88277180012003e-03
2.11952859007531e-04
1.85824814041436e-04
2.29616508871157e-04
3.14268593273438e-04
4.81605548003184e-04
1.37895267322834e-03
1.80835654880699e-04
-2.03035850624715e-03
-3.72186488472325e-02
1.32788941441713e-02
6.91069078986656e-03
1.75009390233209e-03
-2.99534471241743e-03
9.43240922440117e-04
2.90632691678127e-04
5.51884853079520e-06
-1.73048636760171e-03
-2.86129618322676e-03
-3.11398841140535e-02
-4.42191829154712e-04
-9.24709896613725e-04
3.17938030504385e-04
3.16079683192737e-04
1.95438208068376e-04
3.88409339785189e-04
4.76986406896163e-04
4.31803029670420e-04
9.98048376284217e-04
3.72830540772988e-03
1.15023306146067e-03
-1.07622441498720e-03
-5.86530623971931e-04
-6.95125123710534e-04
-3.62922193448278e-04
2.71717478070386e-04
-4.35855185391902e-05
-2.99101642676656e-04
-3.30158553184801e-04
-5.31104519537979e-04
-1.98919626327707e-04
5.98433030345640e-04
1.60929973076207e-04
-6.19993207561860e-05
1.22667864876410e-02
7.01468452689099e-04
7.53445650833970e-04
7.84462859540564e-04
-2.27475396797323e-03
-3.46289730951187e-03
-1.19064707707391e-03
-1.04073255056480e-03
-1.01176641462517e-03
-4.74117078559294e-05
2.30393259513632e-03
5.04408341517650e-03
6.53268819988856e-03
-7.90014668393912e-04
-0.00000000000000e+00
6.14732487811962e-03
3.26144386452877e-04
3.02714968552011e-04
3.60507056844397e-04
3.91534950077517e-04
1.77610049530966e-04
5.96958501330757e-05
-4.48518392725073e-04
-3.34599039535003e-04
-1.39748896957389e-03
2.95356534108559e-04
-4.72382920905259e-04
1.52998252154534e-02
4.66215655514151e-05
-2.00178288021799e-04
-2.88913986014398e-04
-3.93133069120684e-04
-6.20367191340147e-04
-7.26315871148935e-04
-8.01822211216089e-04
-3.92457254851708e-04
1.02259682644662e-04
2.25049169042787e-04
3.69855100736240e-05
-1.16190889085486e-04
-2.02605365774706e-04
-2.10470511590067e-04
-1.82528003884935e-04
5.34822621806820e-04
1.20949243855129e-05
2.09842836481437e-05
-3.38212589677218e-04
-5.43461765216296e-04
-7.60175520878064e-04
0.00000000000000e+00
5.65067551077024e-04
7.32163321934652e-04
-3.95009762439947e-03
-4.73655217861184e-03
-3.66967093497637e-03
-2.05942948160429e-03
-1.34738254503323e-03
-1.09160566476625e-03
7.57400395120481e-06
3.26996431937993e-04
0.00000000000000e+00
4.24195810143892e-05
-5.70122464560383e-05
-4.73600489165270e-04
-5.94827735904009e-04
2.15300013754258e-04
2.40207506524636e-04
6.06896709276931e-04
7.37736986375445e-04
9.12683049054712e-04
3.96593792893334e-05
-4.42179902373865e-04
3.58695205919900e-04
9.05589922270749e-04
-3.38855292769920e-03
-1.88209170165683e-03
-1.12278476370434e-03
-1.05186980966722e-03
-8.41011310230946e-03
-1.20170804544756e-03
-1.01864831199668e-03
-1.27029276668823e-03
-1.50735134260188e-03
-1.86283338354251e-03
7.58879454234034e-05
8.88206161923752e-05
1.25094164866935e-04
1.15817087183112e-04
-5.98574907236189e-05
-4.05502575712443e-04
-4.77165349355083e-04
-5.31429433441796e-04
-2.47095781480600e-03
-1.59742413655764e-02
5.52227468338905e-03
1.19693266009952e-03
-4.66540308734804e-05
-1.04452687948616e-04
-2.58467607062487e-04
-3.09124916882516e-04
-3.64744076163365e-04
-5.48762415891724e-04
-6.87838132394429e-04
-9.13583560128616e-04
-4.75590805237501e-03
-1.30785570883711e-03
-1.07231120138438e-03
-1.05322128564614e-03
0.00000000000000e+00
5.00066757619640e-04
5.11064009157411e-04
5.66346709610762e-04
-2.63240228726344e-04
1.44877240560625e-05
6.69265529103107e-06
1.11944899600071e-04
5.48544045025655e-04
1.21112144430423e-04
-1.79894029335679e-03
-1.42967803722202e-03
-1.01024521676878e-03
7.49692700920174e-04
1.92955957825638e-03
5.22474324358088e-03
-1.80491198763239e-03
-1.78236494431311e-02
4.89321305873697e-03
1.26112615800026e-03
1.50898267391859e-03
1.00966320955523e-03
8.69374537084870e-04
5.27900107182800e-04
-2.78372011325965e-03
-2.88658244969854e-04
-2.39455593392799e-04
3.78448339514427e-04
1.96332261192810e-04
-1.83416159249320e-04
8.21947686964676e-05
-4.33881550666814e-04
-1.70588392812255e-03
-1.79503618889742e-03
-2.27101252506710e-03
-4.62448797404916e-03
-7.30160972631306e-03
-1.23390949083400e-02
-1.53282132157610e-02
2.97355770897984e-03
2.43296380932850e-03
3.64103627749027e-04
3.59479985328068e-04
3.56497077019827e-04
3.58071009445103e-04
3.59098278874548e-04
3.27645242278220e-04
3.28022968385015e-04
1.50435258351397e-04
-3.45689307479575e-04
-3.71469283638597e-04
-3.64848851988413e-04
-2.33006005123711e-04
-1.28270119072201e-04
7.14410999956286e-05
5.49963134445405e-04
8.26065840832320e-04
-2.17789117470336e-04
-3.09986877217259e-04
-3.54328383028461e-03
6.26102755409803e-03
4.28808049399886e-04
1.19329089283714e-05
-1.22433820443821e-05
-6.88201593977518e-04
-9.59990230629794e-04
2.64244608059894e-04
3.44279739756087e-04
3.29666326598632e-02
1.74562758076129e-02
-2.06960295807725e-03
-2.80815965850099e-03
-4.08131415030745e-03
6.95991310589678e-03
-4.34420179975731e-03
-3.12758261682817e-03
-7.39638361345740e-04
-1.05562665288419e-03
-1.37122260553447e-02
-9.16665749983855e-03
-2.17961419420540e-03
1.49375245433027e-03
1.09923988904395e-03
1.57809008366125e-03
6.01128501135701e-03
3.25572220900770e-03
5.20185248343864e-04
3.86833285829036e-04
-4.61654506820213e-04
4.42071114841255e-06
-3.24252433291015e-06
-3.33347240372972e-05
-1.65883818630207e-04
-5.18075312474300e-04
-6.13943437118499e-04
-9.27331429820118e-04
-1.00877617528326e-03
-1.54203864351282e-03
0.00000000000000e+00
3.96542498334664e-04
4.70167302334629e-04
4.54391741537720e-04
3.98048301238043e-04
2.79023452282720e-04
-3.56773541722800e-04
-1.43708500527329e-03
-1.39888464474728e-02
-3.90536032763892e-02
1.42433671746947e-03
-1.89141827106855e-04
4.01789715867414e-04
5.52777334449179e-04
8.37627008106759e-04
4.52604649055368e-04
-1.12003527486723e-03
-1.11883542387060e-03
-4.21174193228005e-04
1.36639354438006e-03
-2.28202816364523e-03
3.34943401546978e-05
5.19490512872303e-04
9.54336297573516e-03
-1.68430105475538e-02
-3.09295449678864e-04
-1.61313611287034e-04
1.78159836037934e-02
6.04371352435254e-05
8.15447434715877e-05
6.03055973793689e-04
1.54068879764424e-03
2.47133933579157e-03
3.56941086156887e-04
-2.50674282369898e-03
-3.94901770948865e-03
-6.51292838901222e-04
-6.14919334064918e-04
-8.32653659802005e-04
-1.00340211293195e-03
-1.69243952818755e-03
-2.27398356687308e-03
-5.81683086557823e-05
-7.93533946438095e-05
-1.02138002627914e-04
-1.48510824858291e-04
-3.45972052114224e-04
-1.79005823106994e-04
-2.10582701476992e-04
-2.37095427096303e-04
-2.69664411235649e-04
-3.63533501925966e-04
-3.30009774660925e-04
-8.19063007275183e-05
3.38123100052142e-04
6.91388477681819e-04
2.20164541421551e-03
-4.96941183417066e-04
-2.21544214651938e-04
-5.99756797399878e-04
-1.26568758303964e-03
3.19233064454129e-04
-1.55585937485010e-04
-6.06324456383749e-04
-7.21388220588294e-04
-1.50833404637345e-03
-1.88035425529976e-03
-2.00112787089405e-03
0.00000000000000e+00
1.53598840674484e-03
-5.94257582251685e-04
-8.98618814002207e-04
-1.58178123915958e-04
1.71150287688384e-04
-5.05944664916556e-05
-2.89032190106464e-04
-7.72398408030002e-04
-8.26911448444707e-04
-1.08520410373573e-03
2.89533035998336e-04
-3.47134974040125e-04
3.64348388413306e-05
2.19664091769540e-04
-1.76584606443849e-04
-1.65590701577676e-04
-3.85703374901317e-04
-2.10174876999013e-04
-2.05256309409489e-04
6.32009751169510e-04
6.64154694715012e-04
1.39845759711981e-03
-4.19222305330066e-03
1.75187798238428e-04
3.29306224786973e-04
6.26568000730597e-04
7.06997131469041e-04
2.50095676771695e-03
1.84969822560816e-04
3.97753248219348e-04
7.72884866930056e-05
6.68020641939321e-05
3.57205274743729e-04
3.28131372766347e-04
-9.57526715891891e-04
-1.29893290043169e-03
-2.00083726330097e-03
-2.20659143719436e-03
-5.97337654095528e-04
-5.65860511127796e-04
-2.88736208091054e-04
1.08085632973857e-03
6.04572961098134e-04
7.06763816783981e-04
6.36253530242145e-04
5.67347297996231e-04
4.90457990289507e-04
8.38962140192249e-04
8.57496951113026e-04
9.36659478633585e-04
1.01265507979362e-03
1.10402212403140e-03
1.93612482060549e-03
2.82217736154827e-03
7.39688783861536e-03
3.50255821047297e-03
1.34018771054919e-03
1.68482875617865e-03
2.28369396333793e-04
2.11865061259003e-04
1.52574203259683e-04
1.47820668225911e-04
1.57555660390364e-04
2.37202408278665e-04
3.65868070173472e-04
5.47950632627372e-04
6.57790583553112e-04
1.16561946105655e-03
2.85889699183579e-03
3.00298891594755e-05
1.12134462037589e-04
3.58979485941377e-04
4.27293632934082e-04
4.94021734660074e-04
6.05923770771176e-04
5.88277532653747e-04
6.73883108808200e-04
7.80819780190646e-04
1.20826141674691e-03
2.83564719826524e-03
8.65367846312861e-03
2.22339142175932e-02
1.04752973511190e-03
2.19692132661906e-04
2.00340592571901e-04
2.12105476772515e-04
2.23339522366939e-04
1.93902881786805e-04
2.06155095347185e-04
-2.24611251406316e-05
-1.81968820137898e-03
1.93847303856888e-03
6.60880477252576e-04
3.38343149841633e-04
3.51058790725629e-04
1.37007462533402e-04
2.27667366353713e-04
3.71033044320829e-04
-9.15386953932031e-04
1.84695399887248e-03
-1.30595713246761e-04
-1.75273530489534e-05
2.86877338324580e-04
4.37236974176101e-04
4.91986836948405e-04
5.16462115642233e-04
5.41575672454813e-04
5.30546825570914e-04
-4.75529487722010e-03
-1.37070295062061e-02
-1.90570673768986e-03
3.91560918989852e-04
2.47210454942495e-04
5.98176701712972e-03
1.61654145859516e-02
-4.19857718771376e-06
-6.18818434222703e-03
-1.81495442691759e-02
-3.17666650280544e-03
-6.60986181302713e-03
-2.41561748605423e-03
0.00000000000000e+00
3.18984866023070e-04
3.19215165447873e-04
3.08292003611357e-04
2.82196349127047e-04
1.66648606624610e-04
-7.50709184169474e-06
-9.24265485784639e-05
-1.88586058257260e-04
-3.17320535258349e-04
-3.77133360424175e-04
-6.69358870293507e-04
-7.67514714124725e-04
1.62912440582369e-03
1.75591874033491e-03
0.00000000000000e+00
5.58308569288378e-06
1.89468224161692e-04
3.77482448670046e-04
4.82380269279112e-04
1.42702212844014e-03
2.19236257993773e-03
3.32908462849611e-02
4.04679328911403e-03
-9.18729714219060e-04
-1.36748065623007e-02
-5.58371453507971e-04
-2.02073930792585e-04
-2.19494514879994e-04
7.61264587383750e-05
-1.13841058367264e-05
-1.51259250039399e-04
4.65666767084265e-04
3.79731883025861e-04
1.35001175155752e-04
2.02785422601541e-04
1.33499974083049e-04
-5.21947141046531e-05
-4.34153508468226e-04
-1.65964424813095e-03
-1.02523778931718e-03
-2.80410740835836e-04
-1.03267227947060e-04
1.53927536535392e-03
3.17352979323259e-03
0.00000000000000e+00
-6.25871239056392e-04
-4.10819564572732e-04
-1.38546413863874e-04
3.03856807892001e-02
-1.51069991682854e-02
4.07432730447512e-04
-3.28023686854132e-04
-3.86381400405495e-04
-4.64932314221446e-04
-4.62097892018154e-04
1.80682359759166e-03
-3.72754435260614e-03
-1.80069370066162e-03
-1.08724272078441e-03
-1.32026841260293e-04
2.79915684289617e-04
4.66360951751677e-04
-5.22535639892513e-04
-6.49672815530092e-04
4.33073346722356e-04
5.89296265405004e-04
7.27902975633000e-04
8.05142334204803e-04
1.22024945506060e-03
1.36685398628035e-03
1.44946975826228e-03
3.96014122185373e-03
6.90961634867327e-03
9.68813718119664e-03
3.62080106755448e-03
-8.48081371039518e-05
-1.85144101035827e-04
-6.08468859710124e-04
-1.69524366561560e-02
-4.20308087684089e-02
6.48780673783864e-04
1.38012226812076e-02
1.16127697544200e-03
-1.12738018564771e-02
-8.39310146796502e-03
-6.00643988708240e-03
-7.63937596458706e-03
-4.18503854860166e-03
-3.01485295483678e-03
-1.15580858286687e-03
0.00000000000000e+00
5.34883310030203e-04
5.18275221362975e-04
4.85617248694631e-04
4.77802921631296e-04
5.41701873511501e-04
7.15081149877877e-03
6.49152503714980e-04
0.00000000000000e+00
-1.62304904778092e-03
-7.78617822245061e-04
-7.10791588131683e-04
-2.84650563424037e-04
-8.21063422919982e-06
7.14094378036317e-05
2.65749084314070e-04
8.88711480876992e-04
-9.62237919530773e-05
-3.58065129318722e-04
-1.20819388966025e-03
-2.07448177641880e-03
-1.18505600212055e-03
-3.64980150928480e-05
2.27622802981689e-04
2.26702486022448e-04
3.52603879987175e-04
3.92525394629675e-03
1.70344296587807e-02
2.13000451629753e-03
5.12884971281406e-04
5.31666011286474e-04
8.71950024651109e-04
-8.65527278487413e-04
8.78841516176562e-04
7.86714468848315e-04
7.52131743357853e-04
7.84120139854292e-04
6.68520029921232e-05
1.43714676145829e-04
6.63417747026993e-04
1.85352101979095e-03
7.38290976788715e-04
2.63790649700863e-04
-3.56423695942828e-05
4.15014826816143e-03
-1.12313096221796e-04
-1.04314213666367e-04
-4.98692779074286e-05
-4.56469997291353e-05
-5.56287137650888e-05
-2.58080305415064e-04
-1.83940078237778e-04
-1.27943073732176e-04
6.86536772590489e-05
6.72386372693603e-05
8.88310219303873e-05
1.01408128060025e-04
2.64879855485908e-04
1.87182708699238e-04
-5.71730224744322e-04
-1.03382031190081e-02
-4.88299363437097e-03
-5.07508231073965e-03
-4.01591622144612e-03
-1.89130874307917e-03
-5.79297485632164e-04
-6.85825568036141e-04
-1.32860117859972e-03
3.05873007193758e-04
2.41768231514942e-05
-6.86514031570437e-05
-7.56102803660159e-04
-4.78267965954895e-04
-3.12429102676918e-05
-1.45009614619790e-03
-1.33410368947781e-03
4.16941089429667e-04
2.13230956533942e-03
1.85009446347299e-03
5.93196821554577e-04
7.13397880794546e-04
7.84359656498294e-04
-3.92510507763314e-05
-8.41317614131323e-04
1.04706890934676e-02
4.23864629321972e-05
8.43569593613038e-04
9.42294430769863e-04
4.87097316959460e-03
-1.18144918462841e-04
-7.64124669438528e-05
-2.39713566220967e-05
-5.69311656940931e-04
-7.84602548018085e-04
-4.03865351914897e-03
-8.40087118083555e-04
-5.79299954430167e-04
-5.90907979364224e-04
-6.87342297124684e-04
-8.00002687663074e-04
-1.08465121360037e-03
-3.96596896467055e-04
3.76922777410178e-05
-4.60721376595296e-04
7.60882068523739e-05
1.06788081746829e-03
7.88081485086255e-03
-8.02635987705226e-03
-8.96155729063763e-04
-8.81224212953418e-04
-1.41359375482324e-03
0.00000000000000e+00
4.10282781413177e-05
1.82797137227685e-05
8.57850867972073e-06
-9.14159510189734e-06
-1.45483602371489e-05
-1.76238061219448e-05
-1.15200523848546e-05
1.19106391674587e-05
4.12968938549170e-05
1.37911670847808e-04
1.12317316666980e-04
1.06926020430035e-04
1.08580329926313e-04
1.30043792503485e-04
1.25363398424063e-04
8.73371179785982e-05
-9.19397516236042e-03
2.18457296615598e-04
-9.54069100071156e-05
9.74535512594749e-04
1.38403778201968e-03
2.69435143223122e-04
4.10796284891330e-04
-5.02315948176103e-04
-4.11085586903690e-04
-4.01538837385087e-04
-3.68790321292617e-04
-8.57796458362076e-04
-1.01106927931800e-03
0.00000000000000e+00
-3.53581252791677e-04
1.32913897107505e-03
3.98352785184367e-04
-1.37465226775917e-03
3.30877511642178e-04
1.99953838514294e-02
2.83919464595780e-02
0.00000000000000e+00
-2.58862403308540e-04
-1.72970916187759e-04
-1.38616614942497e-04
-1.21393737543095e-04
-1.24200742079568e-04
2.94233597043262e-03
5.18636820523657e-03
-2.07726279850928e-03
-3.12626997878254e-03
-1.61575565417387e-04
1.61898166529145e-05
2.49867867617333e-06
-2.10378581782389e-04
-3.10718402068979e-04
-3.53532270226838e-04
-2.84760289701466e-04
-3.25836360655178e-04
-7.26550811179130e-04
-9.66373824139158e-04
-1.45692980117107e-03
-5.28395577188917e-04
-5.79159571079746e-04
-5.54848002150586e-04
9.36168054270767e-03
-2.67728072593773e-03
3.05066462749080e-04
2.08614307228516e-04
-1.93018726579808e-04
-4.36606474766037e-04
-1.90331322645611e-03
-2.63343653753256e-03
-1.93223471530612e-03
-1.40832472321110e-03
-1.16031854173983e-03
-1.09845367085919e-04
3.15958042111561e-03
-2.71047601012010e-02
-1.11934800346798e-04
4.26043175273204e-04
8.29951275907057e-04
2.32905273225763e-04
-1.29777927920068e-04
-2.71838080075052e-04
-1.34324705006290e-04
3.98515650407668e-04
1.06723180037392e-03
2.07019950227763e-03
3.83796535758406e-03
9.91242927103588e-03
3.30625200870713e-03
3.45680030146264e-03
-7.66767510645332e-05
1.28623803367614e-05
1.29154204506479e-04
5.80651746303284e-04
1.03472431011576e-03
-2.23187096806504e-04
-1.03149640489081e-04
-6.98654240143410e-05
-6.44288204944292e-04
-8.45851652332561e-04
-1.02671784415236e-03
-7.89945142728266e-04
-3.19382926613994e-04
2.41782769009742e-05
4.13646740052565e-05
6.10150939099063e-05
1.76424424247044e-04
1.79107869075947e-04
1.13118465645034e-04
6.94637902716785e-05
1.65306263349071e-04
1.92144653669705e-04
1.92117758082785e-04
1.96558733241132e-04
1.78382761850895e-04
1.55943249078888e-04
1.34947584229250e-04
-1.98437085379259e-04
1.94526706708875e-03
1.57226985867645e-03
2.42820458448617e-04
3.74699507037626e-04
1.50821233382271e-03
0.00000000000000e+00
-1.01205958772326e-03
-9.46168424050053e-04
-7.74283409318311e-04
-4.92944990851093e-02
-3.37199250566326e-04
7.84679408829508e-05
7.92158660026178e-04
-7.44232082663453e-04
-8.09861315947653e-04
-2.59707403383055e-03
-7.71694420084003e-04
7.22866852151940e-04
5.74813215080954e-04
3.98486750206644e-04
4.70042480114574e-04
4.83917517303809e-04
4.46024147621981e-04
2.96513587736422e-04
-1.68030056208661e-04
-5.52444547415523e-04
2.64035127464523e-04
-2.19483376147464e-04
-2.86606527292038e-04
-2.47999731183618e-03
