-2650.0458616
-2650.0728091
-2650.0495263
-2650.0498768
-2650.0691525
-2650.0975353
-2650.0746050
-2650.0699165
-2650.0710133
-2650.0700612
-2650.0856402
-2650.0910284
-2650.0926198
-2650.0896866
-2650.0653061
-2650.0649099
-2650.0937919
-2650.0927097
-2650.0881080
-2650.0864655
-2650.0871567
-2650.0926704
-2650.0919593
-2650.0906850
-2650.1092425
-2650.0959024
-2650.1115873
-2650.1200843
-2650.1325852
-2650.1366053
-2650.1345704
-2650.1375243
-2650.0975544
-2650.0951550
-2650.0922635
-2650.0905084
-2650.0891453
-2650.0886900
-2650.0731088
-2650.0695312
-2650.1099776
-2650.0895475
-2650.0964840
-2650.0856718
-2650.1023292
-2650.0989401
-2650.0923638
-2650.0909952
-2650.1083679
-2650.0964449
-2650.0983406
-2650.1003901
-2650.0975144
-2650.1062329
-2650.1127008
-2650.1205951
-2650.0822330
-2650.0875468
-2650.0857503
-2650.0867848
-2650.0898782
-2650.0909420
-2650.0919869
-2650.0970099
-2650.0987591
-2650.1042623
-2650.1118193
-2650.1259491
-2650.0932933
-2650.0795077
-2650.0784209
-2650.0792106
-2650.0788020
-2650.0756860
-2650.0878041
-2650.0800591
-2650.0916479
-2650.1065961
-2650.1147095
-2650.1032531
-2650.1016713
-2650.0979570
-2650.0980713
-2650.0969096
-2650.1022008
-2650.1034030
-2650.1009162
-2650.0995923
-2650.0957428
-2650.1034404
-2650.1033871
-2650.1071305
-2650.1129465
-2650.1227647
-2650.1286587
-2650.1254279
-2650.1252060
-2650.1343039
-2650.1358602
-2650.1373365
-2650.1419142
-2650.0754818
-2650.0845260
-2650.0817102
-2650.0858343
-2650.0901956
-2650.0928516
-2650.0829379
-2650.0671654
-2650.0620735
-2650.0673947
-2650.0668460
-2650.0758011
-2650.0757111
-2650.0782817
-2650.1252885
-2650.0815366
-2650.0819350
-2650.0915760
-2650.0917496
-2650.0870982
-2650.0796965
-2650.1103015
-2650.1053363
-2650.0926672
-2650.0858414
-2650.0883031
-2650.0885643
-2650.0915735
-2650.0942385
-2650.0988037
-2650.0826841
-2650.0807808
-2650.0826167
-2650.0922001
-2650.0904782
-2650.0859709
-2650.1244459
-2650.1210221
-2650.1230555
-2650.0983403
-2650.0827249
-2650.0835169
-2650.0858673
-2650.0973059
-2650.1022355
-2650.1026441
-2650.1025313
-2650.0948219
-2650.0832542
-2650.0836773
-2650.0991729
-2650.0979067
-2650.0950513
-2650.0826468
-2650.0836002
-2650.0890764
-2650.0923902
-2650.0950513
-2650.1015592
-2650.1090288
-2650.1085379
-2650.1077628
-2650.1119647
-2650.0851058
-2650.0645848
-2650.0612736
-2650.0576905
-2650.0820296
-2650.0894996
-2650.0975330
-2650.1057135
-2650.1070746
-2650.1077418
-2650.0960051
-2650.0876220
-2650.1138826
-2650.0858845
-2650.0863575
-2650.0946928
-2650.0956260
-2650.0904814
-2650.0872018
-2650.0854049
-2650.0899645
-2650.1039633
-2650.1078291
-2650.1098510
-2650.1095813
-2650.1075809
-2650.1117678
-2650.1385874
-2650.1327452
-2650.1278552
-2650.1197319
-2650.1177150
-2650.1174305
-2650.1215215
-2650.1278496
-2650.0926713
-2650.0750301
-2650.0789803
-2650.0816418
-2650.0791014
-2650.0727099
-2650.0786443
-2650.0802203
-2650.0860556
-2650.1025598
-2650.1010555
-2650.0844786
-2650.1019053
-2650.0974041
-2650.0892218
-2650.0794286
-2650.0685612
-2650.0169799
-2650.0341616
-2650.0939840
-2650.0623740
-2650.0548090
-2650.0464001
-2650.0380900
-2650.0355474
-2650.0143456
-2650.0122145
-2649.9745879
-2650.0663010
-2650.0727183
-2650.1042113
-2650.1057184
-2650.0923101
-2650.0852079
-2650.0859358
-2650.0888968
-2650.1007097
-2650.1051384
-2650.1076185
-2650.1099834
-2650.1177114
-2650.1211419
-2650.0788741
-2650.0867439
-2650.0739919
-2650.0451261
-2650.0675934
-2650.0694035
-2650.1123226
-2650.1126978
-2650.1037568
-2650.0956145
-2650.0802260
-2650.0673647
-2650.0733763
-2650.0611364
-2650.0739718
-2650.0695120
-2650.0652800
-2650.0558493
-2650.0678413
-2650.0833194
-2650.0902443
-2650.0979911
-2650.0838131
-2650.1080925
-2650.1127529
-2650.1055666
-2650.0839043
-2650.0988569
-2650.0852616
-2650.0583799
-2650.0631116
-2650.0654805
-2650.0653523
-2650.0731820
-2650.0751468
-2650.0892146
-2650.0996788
-2650.0959093
-2650.0667534
-2650.0904883
-2650.0764889
-2650.0821501
-2650.0696729
-2650.0757850
-2650.0824740
-2650.0888589
-2650.0872998
-2650.0806948
-2650.0855558
-2650.0986978
-2650.1009688
-2650.0646540
-2650.0862266
-2650.0978066
-2650.0882589
-2650.0851577
-2650.0815683
-2650.1137182
-2650.1164222
-2650.1154916
-2650.1135874
-2650.1159982
-2650.0960481
-2650.0794576
-2650.0738155
-2650.0677389
-2650.0655637
-2650.0649115
-2650.0827061
-2650.0685500
-2650.0602389
-2650.0471932
-2650.0446992
-2650.0810599
-2650.0986651
-2650.0862695
-2650.1021711
-2650.1089252
-2650.0992706
-2650.1005828
-2650.0930047
-2650.0858584
-2650.0792650
-2650.0910700
-2650.0903237
-2650.0810686
-2650.0798629
-2650.0774843
-2650.0872315
-2650.0939360
-2650.0884521
-2650.0492536
-2650.0483188
-2650.0451809
-2650.0515218
-2650.0565337
-2650.0589858
-2650.0760848
-2650.0895359
-2650.0713220
-2650.0772172
-2650.1030076
-2650.0855575
-2650.0832935
-2650.1225561
-2650.1128781
-2650.1030653
-2650.0942555
-2650.1029986
-2650.1009955
-2650.1003814
-2650.0974928
-2650.0969744
-2650.0967025
-2650.1027517
-2650.1082633
-2650.1124717
-2650.1181913
-2650.1175434
-2650.1172002
-2650.1171934
-2650.0601713
-2650.0600033
-2650.0624934
-2650.0644619
-2650.0604340
-2650.0308105
-2650.0224713
-2650.0108304
-2650.0103743
-2649.9367143
-2649.9652115
-2649.9622205
-2649.9581694
-2649.9717284
-2649.9952280
-2650.0048074
-2649.9815175
-2649.9684835
-2649.9578354
-2649.9398922
-2649.9435901
-2649.9372989
-2649.9349960
-2649.9431414
-2649.9827165
-2649.9682915
-2649.9686287
-2649.9936509
-2649.9972852
-2649.9938557
-2649.9910160
-2650.0150671
-2649.9960450
-2649.9893086
-2649.9914932
-2649.9977779
-2650.0010398
-2650.0049018
-2650.0096467
-2650.0410853
-2650.0100806
-2650.0989929
-2650.0993243
-2650.0985697
-2650.0965643
-2650.0962064
-2650.1026753
-2650.0995183
-2650.0882204
-2650.0940984
-2650.0927036
-2650.0916579
-2650.0953550
-2650.1042063
-2650.1256329
-2650.1334351
-2650.1319421
-2650.0831160
-2650.0743192
-2650.0859114
-2650.0907850
-2650.0746499
-2650.0669864
-2650.0461688
-2650.0639100
-2650.0198695
-2650.0471737
-2649.9941939
-2650.0510162
-2650.0605047
-2650.0701898
-2650.0679338
-2650.0627501
-2650.0417618
-2649.9729975
-2649.9457261
-2649.9482084
-2649.9562953
-2649.9353348
-2649.9753566
-2650.0061175
-2650.0016736
-2649.9984132
-2650.0050516
-2650.0194323
-2650.0446494
-2650.0417525
-2650.0384837
-2650.0854771
-2650.0859529
-2650.0813770
-2650.0784051
-2650.0790765
-2650.1017873
-2650.1045303
-2650.0789832
-2650.0779922
-2650.1140794
-2650.0968852
-2650.0899880
-2650.0875232
-2650.0919524
-2650.0961940
-2650.0932196
-2650.0956115
-2650.1021063
-2650.1037403
-2650.1016626
-2650.0976553
-2650.1028380
-2650.1099124
-2650.1078166
-2650.0986599
-2650.1120823
-2650.1182302
-2650.1193286
-2650.0880906
-2650.0932105
-2650.0948761
-2650.0869020
-2650.0853721
-2650.0898354
-2650.0897022
-2650.0999330
-2650.1161433
-2650.1325740
-2650.0917275
-2650.0965843
-2650.0764275
-2650.0722696
-2650.0740421
-2650.0746880
-2650.0716454
-2650.0673577
-2650.0968611
-2650.1012946
-2650.1072794
-2650.1058791
-2650.1100801
-2650.1130513
-2650.0918709
-2650.0896413
-2650.0873233
-2650.0840584
-2650.0772982
-2650.0734210
-2650.0686960
-2650.0632912
-2650.0753616
-2650.0682387
-2650.0722952
-2650.0922757
-2650.1069730
-2650.1125141
-2650.1019090
-2650.0885209
-2650.0869832
-2650.0903010
-2650.0916389
-2650.0881225
-2650.0955057
-2650.0893717
-2650.0863899
-2650.0906480
-2650.0967492
-2650.0909634
-2650.0919595
-2650.0672586
-2650.0762262
-2650.0991161
-2650.0861553
-2650.0833278
-2650.1036838
-2650.0898260
-2650.1056344
-2650.1047628
-2650.1091425
-2650.1262915
-2650.0806056
-2650.0820147
-2650.0932220
-2650.0950325
-2650.0975744
-2650.1288721
-2650.0741796
-2650.0786483
-2650.1056952
-2650.1096993
-2650.1206281
-2650.1196587
-2650.1105588
-2650.1112158
-2650.0989340
-2650.1005347
-2650.0866525
-2650.0836286
-2650.1064472
-2650.0916108
-2650.0961118
-2650.1013447
-2650.0977128
-2650.0870588
-2650.0907877
-2650.0970613
-2650.0972022
-2650.0989874
-2650.1017486
-2650.1044182
-2650.0995107
-2650.1057512
-2650.0946643
-2650.0941844
-2650.0966358
-2650.0985840
-2650.0946739
-2650.0914104
-2650.0887071
-2650.0872642
-2650.0874595
-2650.1064455
-2650.1099735
-2650.1119731
-2650.1099310
-2650.1101410
-2650.1112451
-2650.0832890
-2650.0806422
-2650.0774137
-2650.0806041
-2650.0858498
-2650.1130547
-2650.1273423
-2650.1210710
-2650.1114276
-2650.1038045
-2650.1113081
-2650.0900734
-2650.0846442
-2650.1012621
-2650.1060016
-2650.1081503
-2650.1064139
-2650.1043411
-2650.1072562
-2650.1114888
-2650.1209814
-2650.1074073
-2650.1026634
-2650.1047488
-2650.1078349
-2650.0926455
-2650.0932801
-2650.0972676
-2650.0974150
-2650.0961918
-2650.0945887
-2650.0940021
-2650.1038341
-2650.1044046
-2650.1105194
-2650.1102786
-2650.1068383
-2650.1271201
-2650.1288762
-2650.1285651
-2650.1142036
-2650.0825937
-2650.0781535
-2650.0804035
-2650.0802033
-2650.0786180
-2650.0792278
-2650.0832416
-2650.0943468
-2650.1043210
-2650.0869056
-2650.0867246
-2650.0894333
-2650.0875941
-2650.0959698
-2650.0885514
-2650.0870164
-2650.0903444
-2650.0970671
-2650.1002215
-2650.1120698
-2650.1107830
-2650.0922808
-2650.0990990
-2650.1030054
-2650.1026852
-2650.1015852
-2650.1001695
-2650.0950573
-2650.0911443
-2650.0914371
-2650.0999768
-2650.1043945
-2650.1065955
-2650.1189962
-2650.1270991
-2650.0932361
-2650.0896200
-2650.0914470
-2650.0915491
-2650.0901536
-2650.0959471
-2650.1008736
-2650.0982777
-2650.0970296
-2650.0970741
-2650.0975363
-2650.0975486
-2650.0925360
-2650.0915006
-2650.0995661
-2650.1014803
-2650.0927361
-2650.0841678
-2650.0599524
-2650.0754299
-2650.0719851
-2650.0584381
-2650.0587337
-2650.0518162
-2650.0470470
-2650.0444933
-2650.0450785
-2650.0611842
-2650.0568636
-2650.0501150
-2650.0576151
-2650.0451941
-2650.0765498
-2650.0924840
-2650.0969825
-2650.0981808
-2650.0928416
-2650.0844526
-2650.1185984
-2650.0834067
-2650.0857602
-2650.0884538
-2650.0924833
-2650.0925692
-2650.0868466
-2650.0931900
-2650.0972258
-2650.1010610
-2650.1047979
-2650.1198142
-2650.1262395
-2650.1270737
-2650.0790992
-2650.0895841
-2650.0913483
-2650.0876351
-2650.1086895
-2650.1144622
-2650.1153097
-2650.1086310
-2650.1121981
-2650.1193226
-2650.1180744
-2650.0852166
-2650.0888977
-2650.0952598
-2650.1093065
-2650.1101727
-2650.0914577
-2650.0772779
-2650.0872122
-2650.0840996
-2650.0854989
-2650.1079614
-2650.1045450
-2650.1013841
-2650.1011117
-2650.1003904
-2650.0974658
-2650.0982948
-2650.0981293
-2650.0984545
-2650.0983435
-2650.1016582
-2650.1100740
-2650.1174976
-2650.0895580
-2650.0932853
-2650.0873578
-2650.0866822
-2650.0857069
-2650.0866092
-2650.0879242
-2650.0950922
-2650.0909392
-2650.0781792
-2650.0807162
-2650.0846166
-2650.0900516
-2650.1080618
-2650.0825909
-2650.0781709
-2650.0776746
-2650.0814787
-2650.0881642
-2650.0844991
-2650.0867908
-2650.0681970
-2650.0646993
-2650.0636430
-2650.0633835
-2650.0891679
-2650.0955099
-2650.0986910
-2650.0987204
-2650.0912206
-2650.0868737
-2650.0859052
-2650.0878716
-2650.0875803
-2650.0901342
-2650.1148035
-2650.1115257
-2650.0689515
-2650.0948900
-2650.0862550
-2650.0801213
-2650.0841914
-2650.0871008
-2650.0924089
-2650.1040091
-2650.1218700
-2650.0900704
-2650.0953540
-2650.0949328
-2650.0925707
-2650.0926026
-2650.0879837
-2650.0898742
-2650.0907979
-2650.0924302
-2650.0943571
-2650.0928968
-2650.0921265
-2650.0948802
-2650.0915893
-2650.0940877
-2650.0966282
-2650.0960443
-2650.0800164
-2650.0845771
-2650.0932511
-2650.1120853
-2650.1085228
-2650.1123975
-2650.1167791
-2650.1150619
-2650.0941108
-2650.0908249
-2650.0910785
-2650.0670454
-2650.0743418
-2650.0849714
-2650.0776846
-2650.0895140
-2650.1283626
-2650.1002664
-2650.0905886
-2650.0879489
-2650.0843477
-2650.0869685
-2650.0777435
-2650.0617734
-2650.0429376
-2650.0516083
-2650.0592698
-2650.0707385
-2650.0739018
-2650.0591281
-2650.0925212
-2650.0600522
-2650.0499751
-2650.0442992
-2650.0332218
-2650.0340204
-2650.0355216
-2650.0251099
-2650.0419518
-2650.0459800
-2650.0930340
-2650.0970297
-2650.0992931
-2650.0996571
-2650.1044641
-2650.1027667
-2650.1012966
-2650.0987259
-2650.0869467
-2650.0878043
-2650.0698562
-2650.0592050
-2650.0663723
-2650.0574845
-2650.0778910
-2650.0732836
-2650.0991368
-2650.1097591
-2650.1107946
-2650.1301341
-2650.1218106
-2650.1178886
-2650.0894624
-2650.0897345
-2650.1105097
-2650.1080414
-2650.1117021
-2650.1161311
-2650.1122449
-2650.1112934
-2650.0797611
-2650.0836405
-2650.0947696
-2650.1258250
-2650.1187201
-2650.0966192
-2650.0878567
-2650.0832492
-2650.0939450
-2650.0988350
-2650.1031065
-2650.1021007
-2650.1000798
-2650.0995267
-2650.0925207
-2650.0850006
-2650.0824697
-2650.0926730
-2650.0939837
-2650.0964053
-2650.0999865
-2650.1209302
-2650.1227673
-2650.1298008
-2650.1390764
-2650.1382777
-2650.1339635
-2650.1337314
-2650.1364184
-2650.0889992
-2650.0924187
-2650.0943940
-2650.0736317
-2650.0695799
-2650.0603208
-2650.0507981
-2650.0553840
-2650.0545558
-2650.0568277
-2650.0642183
-2650.0593553
-2650.0588231
-2650.0607604
-2650.0788893
-2650.0857560
-2650.0750387
-2650.0790772
-2650.0841018
-2650.0806843
-2650.0816237
-2650.0820375
-2650.0992676
-2650.1045176
-2650.1058969
-2650.1162619
-2650.1161135
-2650.1147863
-2650.1121445
-2650.1027038
-2650.1000186
-2650.0924232
-2650.0897883
-2650.0871023
-2650.0743173
-2650.1006052
-2650.0946767
-2650.0941334
-2650.0954345
-2650.0973154
-2650.0954028
-2650.0955249
-2650.0982292
-2650.0961457
-2650.0855440
-2650.0839991
-2650.0841070
-2650.1012515
-2650.1034646
-2650.1036043
-2650.1014115
-2650.0926370
-2650.0663844
-2650.0576860
-2650.0698969
-2650.0749388
-2650.0867988
-2650.0907851
-2650.1134487
-2650.1091553
-2650.1081471
-2650.1254264
-2650.1354298
-2650.1172802
-2650.0882511
-2650.0963203
-2650.1027757
-2650.1021633
-2650.1026198
-2650.1086035
-2650.1094206
-2650.1229705
-2650.1203903
-2650.1224820
-2650.1340950
-2650.1318151
-2650.0931361
-2650.1050499
-2650.1040056
-2650.0964046
-2650.0933933
-2650.0924027
-2650.0983407
-2650.0952728
-2650.0823631
-2650.0980152
-2650.0960686
-2650.1374855
-2650.1290347
