-2650.0646503
-2650.0965943
-2650.0699671
-2650.0708278
-2650.0911982
-2650.1199824
-2650.0925779
-2650.0745907
-2650.0756324
-2650.0749634
-2650.1031593
-2650.1033435
-2650.1127247
-2650.1105810
-2650.0916800
-2650.1111304
-2650.1185372
-2650.1180791
-2650.1203545
-2650.1130879
-2650.1140110
-2650.1202938
-2650.1196923
-2650.1179398
-2650.1329451
-2650.1203277
-2650.1246318
-2650.1266979
-2650.1363469
-2650.1396763
-2650.1364359
-2650.1381162
-2650.1114290
-2650.1026494
-2650.1013127
-2650.1022660
-2650.1049943
-2650.1098556
-2650.0830413
-2650.0735528
-2650.1183797
-2650.0970867
-2650.0947453
-2650.0869289
-2650.1203664
-2650.1166945
-2650.1099722
-2650.1090427
-2650.1288863
-2650.1173339
-2650.1190248
-2650.1203114
-2650.1179872
-2650.1209174
-2650.1231373
-2650.1273318
-2650.1057006
-2650.1091639
-2650.1060989
-2650.1039086
-2650.1071895
-2650.1150379
-2650.1139347
-2650.1169544
-2650.1172433
-2650.1159014
-2650.1174882
-2650.1287366
-2650.1137421
-2650.0812709
-2650.0811347
-2650.0861258
-2650.0975161
-2650.1030351
-2650.1007168
-2650.0969208
-2650.0935331
-2650.0943751
-2650.0999716
-2650.1268004
-2650.1256548
-2650.1228253
-2650.1255845
-2650.1244717
-2650.1293387
-2650.1303208
-2650.1268992
-2650.1254017
-2650.1213304
-2650.1276516
-2650.1271034
-2650.1291824
-2650.1327740
-2650.1254664
-2650.1311650
-2650.1279774
-2650.1277401
-2650.1360717
-2650.1371317
-2650.1385430
-2650.1428259
-2650.0878751
-2650.1067283
-2650.1057471
-2650.1106166
-2650.1157301
-2650.1191621
-2650.1117452
-2650.0967918
-2650.0900424
-2650.0917250
-2650.0792166
-2650.0876458
-2650.0852872
-2650.0859909
-2650.1150675
-2650.1046630
-2650.1017202
-2650.1041888
-2650.1043794
-2650.1032019
-2650.0982055
-2650.1237943
-2650.1051257
-2650.0913068
-2650.1110946
-2650.1141590
-2650.1162324
-2650.1213797
-2650.1230666
-2650.1252014
-2650.1101738
-2650.1094152
-2650.1125661
-2650.1202037
-2650.1162028
-2650.1067132
-2650.1301628
-2650.1230179
-2650.1241488
-2650.1128173
-2650.1046837
-2650.1064363
-2650.1096677
-2650.1190485
-2650.1207408
-2650.1170913
-2650.1133931
-2650.1057234
-2650.1189550
-2650.1142939
-2650.1292436
-2650.1271262
-2650.1234195
-2650.1099448
-2650.1112679
-2650.1172521
-2650.1208076
-2650.1237538
-2650.1229838
-2650.1281533
-2650.1265984
-2650.1239266
-2650.1256602
-2650.1143220
-2650.0852059
-2650.0865379
-2650.0920703
-2650.1058556
-2650.1105285
-2650.1172839
-2650.1138161
-2650.1133206
-2650.1137656
-2650.1021998
-2650.0924919
-2650.1156383
-2650.1044137
-2650.1042074
-2650.1161406
-2650.1194393
-2650.1174099
-2650.1129055
-2650.1107973
-2650.1131707
-2650.1246389
-2650.1279751
-2650.1296561
-2650.1292112
-2650.1271270
-2650.1289380
-2650.1429109
-2650.1349496
-2650.1293965
-2650.1203939
-2650.1181175
-2650.1176535
-2650.1215126
-2650.1276785
-2650.1237388
-2650.1019615
-2650.1057614
-2650.1087083
-2650.1046313
-2650.0961007
-2650.1031523
-2650.1026881
-2650.1068929
-2650.1196753
-2650.1166096
-2650.0849841
-2650.1041065
-2650.1026610
-2650.0984208
-2650.0934083
-2650.1075937
-2650.0868159
-2650.0609784
-2650.1005452
-2650.0720469
-2650.0671691
-2650.0626884
-2650.0590352
-2650.0597107
-2650.0562469
-2650.0466714
-2650.0082015
-2650.0826582
-2650.0852352
-2650.1121542
-2650.1088396
-2650.0897832
-2650.1109560
-2650.1108777
-2650.1147338
-2650.1216218
-2650.1176598
-2650.1164187
-2650.1158111
-2650.1194357
-2650.1202220
-2650.0974756
-2650.1125489
-2650.1001504
-2650.0771666
-2650.0958532
-2650.0917750
-2650.1222530
-2650.1184099
-2650.1037229
-2650.0890580
-2650.0900662
-2650.0946355
-2650.1050653
-2650.0835054
-2650.0788412
-2650.0729797
-2650.0681542
-2650.0726994
-2650.0867079
-2650.1001037
-2650.1042329
-2650.1004634
-2650.0796537
-2650.1039149
-2650.1107599
-2650.1051205
-2650.0879207
-2650.1200333
-2650.1052975
-2650.0831106
-2650.0864988
-2650.0872237
-2650.0862205
-2650.0894890
-2650.0903992
-2650.0991505
-2650.1058375
-2650.0970003
-2650.1012616
-2650.1178170
-2650.0967362
-2650.0963841
-2650.0815414
-2650.0868696
-2650.0900591
-2650.0887121
-2650.0856792
-2650.0783587
-2650.0827295
-2650.0948503
-2650.0967635
-2650.0897435
-2650.1087357
-2650.1109920
-2650.0941521
-2650.0912868
-2650.1099679
-2650.1242783
-2650.1222591
-2650.1208340
-2650.1174171
-2650.1143128
-2650.1140292
-2650.1040880
-2650.1003897
-2650.0899789
-2650.0864424
-2650.0840474
-2650.0973234
-2650.0911755
-2650.0858248
-2650.0818772
-2650.0824199
-2650.1083511
-2650.1247063
-2650.1004704
-2650.1270823
-2650.1179140
-2650.1192716
-2650.1241743
-2650.1238455
-2650.1173144
-2650.1087953
-2650.1179061
-2650.1180249
-2650.1005099
-2650.1014050
-2650.1003970
-2650.1113655
-2650.1188064
-2650.1095731
-2650.0844198
-2650.0940144
-2650.0959975
-2650.1059939
-2650.1090304
-2650.1116236
-2650.1048204
-2650.1185305
-2650.0857087
-2650.0906223
-2650.1207957
-2650.1045231
-2650.1001332
-2650.1248103
-2650.1078223
-2650.0985213
-2650.0904198
-2650.1065433
-2650.1259976
-2650.1242408
-2650.1206095
-2650.1211009
-2650.1224589
-2650.1285818
-2650.1309555
-2650.1282006
-2650.1137493
-2650.1149058
-2650.1184344
-2650.1206336
-2650.0753928
-2650.0757477
-2650.0776527
-2650.0804057
-2650.0743400
-2650.0372825
-2650.0304124
-2650.0223647
-2650.0210725
-2649.9883562
-2649.9921099
-2649.9877977
-2649.9833342
-2649.9874877
-2650.0011411
-2650.0004821
-2649.9842537
-2649.9702021
-2649.9594693
-2649.9626932
-2649.9634202
-2649.9440697
-2649.9375880
-2649.9458228
-2649.9988247
-2650.0058057
-2650.0093734
-2650.0078492
-2650.0046678
-2649.9933920
-2650.0072937
-2650.0636133
-2650.0560299
-2650.0301691
-2650.0291661
-2650.0344339
-2650.0394471
-2650.0463732
-2650.0555393
-2650.0849222
-2650.0312984
-2650.1196607
-2650.1198416
-2650.1191361
-2650.1177798
-2650.1179247
-2650.1265242
-2650.1235161
-2650.1115213
-2650.1141029
-2650.1118537
-2650.1099152
-2650.1094377
-2650.1148946
-2650.1306222
-2650.1308063
-2650.1286290
-2650.0977585
-2650.0886345
-2650.1033931
-2650.1043787
-2650.0735372
-2650.0698418
-2650.0530637
-2650.0975248
-2650.0588425
-2650.0989996
-2650.0386417
-2650.0741297
-2650.0866204
-2650.0928575
-2650.0870860
-2650.0779748
-2650.0517645
-2649.9919725
-2649.9646541
-2649.9601971
-2649.9629735
-2649.9648206
-2649.9996479
-2650.0135909
-2649.9977597
-2649.9885007
-2650.0026934
-2650.0304089
-2650.0910856
-2650.0813826
-2650.0728962
-2650.1014655
-2650.0962233
-2650.0849759
-2650.0803075
-2650.0866800
-2650.1245676
-2650.1224682
-2650.0928019
-2650.0915023
-2650.1124892
-2650.1229930
-2650.1146108
-2650.1124027
-2650.1172479
-2650.1219808
-2650.1209054
-2650.1190593
-2650.1221612
-2650.1192717
-2650.1146054
-2650.1059661
-2650.1082431
-2650.1123881
-2650.1092359
-2650.0953154
-2650.1055825
-2650.1114264
-2650.1172061
-2650.1124649
-2650.1176597
-2650.1143083
-2650.1015227
-2650.0997168
-2650.1073629
-2650.1115650
-2650.1232231
-2650.1279230
-2650.1234862
-2650.1172379
-2650.1226475
-2650.1025561
-2650.1003195
-2650.0993884
-2650.0946280
-2650.0906670
-2650.0860370
-2650.1169327
-2650.1189120
-2650.1178268
-2650.1161533
-2650.1195675
-2650.1220611
-2650.1093071
-2650.1068686
-2650.1046913
-2650.1024791
-2650.0992208
-2650.0936956
-2650.0883752
-2650.0822846
-2650.0902999
-2650.0786795
-2650.0822145
-2650.0996701
-2650.1103978
-2650.1141476
-2650.1037597
-2650.0899650
-2650.1182218
-2650.1215797
-2650.1206830
-2650.0941593
-2650.0949214
-2650.0867120
-2650.0842947
-2650.0940533
-2650.1002216
-2650.0946841
-2650.1145742
-2650.0891524
-2650.0969854
-2650.1157111
-2650.0935555
-2650.1002721
-2650.1260962
-2650.1105564
-2650.1107285
-2650.1092954
-2650.1123636
-2650.1289518
-2650.1013079
-2650.0990181
-2650.1175769
-2650.1150094
-2650.1157557
-2650.1336790
-2650.0960770
-2650.1011133
-2650.1276237
-2650.1293179
-2650.1232559
-2650.1211403
-2650.1310587
-2650.1349619
-2650.1221071
-2650.1237592
-2650.1044753
-2650.0937784
-2650.1098483
-2650.0906327
-2650.0942242
-2650.0962183
-2650.0921736
-2650.0818411
-2650.0863349
-2650.0942204
-2650.0951543
-2650.1109706
-2650.1133408
-2650.1156026
-2650.1154924
-2650.1328316
-2650.1203808
-2650.1199576
-2650.1224295
-2650.1243285
-2650.1195175
-2650.1156611
-2650.1121185
-2650.1095997
-2650.1087239
-2650.1195841
-2650.1232424
-2650.1211333
-2650.1100418
-2650.1113414
-2650.1144552
-2650.1116403
-2650.1040097
-2650.0873457
-2650.0883265
-2650.0930043
-2650.1188058
-2650.1323877
-2650.1256046
-2650.1157864
-2650.1079674
-2650.1154171
-2650.1172064
-2650.1114496
-2650.1264094
-2650.1308771
-2650.1326940
-2650.1295292
-2650.1192316
-2650.1199566
-2650.1217702
-2650.1277438
-2650.1140533
-2650.1094234
-2650.1115528
-2650.1184558
-2650.1200710
-2650.1177197
-2650.1218817
-2650.1231215
-2650.1225346
-2650.1215781
-2650.1220750
-2650.1246007
-2650.1236949
-2650.1330209
-2650.1333255
-2650.1321208
-2650.1329365
-2650.1344946
-2650.1335029
-2650.1180870
-2650.1071700
-2650.1062841
-2650.1032030
-2650.1014881
-2650.0997402
-2650.1022393
-2650.1088832
-2650.1186027
-2650.1273490
-2650.0890020
-2650.0889047
-2650.0918071
-2650.1113081
-2650.1188335
-2650.1079999
-2650.1031156
-2650.1011810
-2650.1061657
-2650.1087482
-2650.1171143
-2650.1170108
-2650.1039357
-2650.1161454
-2650.1259843
-2650.1259762
-2650.1248377
-2650.1231154
-2650.1169348
-2650.1118424
-2650.1116856
-2650.1207149
-2650.1244770
-2650.1265860
-2650.1332846
-2650.1337236
-2650.0965539
-2650.0951135
-2650.1131398
-2650.1114890
-2650.1095823
-2650.1210470
-2650.1267840
-2650.1215464
-2650.1180974
-2650.1126181
-2650.1119514
-2650.1113083
-2650.1083839
-2650.1138961
-2650.1211677
-2650.1239034
-2650.1205495
-2650.1122852
-2650.0781470
-2650.0920645
-2650.0879787
-2650.0712362
-2650.0712040
-2650.0678726
-2650.0665333
-2650.0672573
-2650.0740041
-2650.1083602
-2650.1136328
-2650.1078945
-2650.1208848
-2650.1127698
-2650.0910169
-2650.1023863
-2650.1056919
-2650.1070562
-2650.1067855
-2650.1075018
-2650.1173415
-2650.1021116
-2650.1051195
-2650.1078528
-2650.1114387
-2650.1109359
-2650.1110818
-2650.1178705
-2650.1228616
-2650.1249680
-2650.1269436
-2650.1264516
-2650.1176939
-2650.1161176
-2650.1015735
-2650.1151136
-2650.1190874
-2650.1142628
-2650.1204838
-2650.1239652
-2650.1245645
-2650.1174174
-2650.1209247
-2650.1272160
-2650.1252914
-2650.1120749
-2650.1107049
-2650.1119890
-2650.1007129
-2650.0982636
-2650.1230444
-2650.0985092
-2650.1061434
-2650.1002268
-2650.1013061
-2650.1136988
-2650.1083351
-2650.1064510
-2650.1059192
-2650.1005254
-2650.1207209
-2650.1223824
-2650.1222970
-2650.1232917
-2650.1255304
-2650.1301833
-2650.1244702
-2650.1171543
-2650.1083161
-2650.1127581
-2650.1098658
-2650.1090907
-2650.1035080
-2650.1032233
-2650.1051233
-2650.1150246
-2650.1155580
-2650.0975188
-2650.0979834
-2650.0995197
-2650.1021117
-2650.1151582
-2650.1094474
-2650.0913185
-2650.0921928
-2650.1001459
-2650.1064663
-2650.1020915
-2650.1037436
-2650.0845770
-2650.0818767
-2650.0965817
-2650.1151447
-2650.1177148
-2650.1206700
-2650.1241801
-2650.1246705
-2650.1196933
-2650.1163344
-2650.1136497
-2650.1121097
-2650.1000132
-2650.1018360
-2650.1187031
-2650.1156147
-2650.0887074
-2650.1208042
-2650.1121173
-2650.1080732
-2650.1124621
-2650.1084039
-2650.1108719
-2650.1202680
-2650.1266989
-2650.1093840
-2650.1180622
-2650.1187540
-2650.1158839
-2650.1151658
-2650.1088095
-2650.1095747
-2650.1068601
-2650.1077082
-2650.1080606
-2650.1039720
-2650.1042672
-2650.1097535
-2650.1058918
-2650.1076683
-2650.1189568
-2650.1213120
-2650.1130676
-2650.0995902
-2650.1035855
-2650.1224909
-2650.1178221
-2650.1178866
-2650.1212111
-2650.1197355
-2650.0975017
-2650.0925902
-2650.0918396
-2650.0963522
-2650.1071223
-2650.1071766
-2650.0920097
-2650.1035712
-2650.1315827
-2650.1027047
-2650.1159378
-2650.1105654
-2650.1027243
-2650.1185185
-2650.1096480
-2650.0897476
-2650.0613682
-2650.0683805
-2650.0753709
-2650.0854762
-2650.0879974
-2650.0703957
-2650.1031362
-2650.0796883
-2650.0879951
-2650.0868847
-2650.0839141
-2650.1049049
-2650.1024808
-2650.0820323
-2650.0835222
-2650.0850717
-2650.1066110
-2650.1076135
-2650.1072253
-2650.1073360
-2650.1178970
-2650.1214318
-2650.1251772
-2650.1193074
-2650.1085041
-2650.1097509
-2650.0928398
-2650.0904411
-2650.0886515
-2650.0875541
-2650.0960194
-2650.0900211
-2650.1196880
-2650.1138336
-2650.1138294
-2650.1312684
-2650.1261093
-2650.1242646
-2650.1155238
-2650.1199222
-2650.1148941
-2650.1154729
-2650.1169658
-2650.1157425
-2650.1103482
-2650.1090196
-2650.0956636
-2650.1020688
-2650.1125179
-2650.1291187
-2650.1223235
-2650.1229558
-2650.0961378
-2650.0911139
-2650.1178406
-2650.1201079
-2650.1190982
-2650.1143702
-2650.1120990
-2650.1129899
-2650.1213918
-2650.1118256
-2650.1078586
-2650.1207164
-2650.1205969
-2650.1195655
-2650.1220126
-2650.1381691
-2650.1336627
-2650.1342055
-2650.1408603
-2650.1395636
-2650.1339991
-2650.1334495
-2650.1356623
-2650.0964614
-2650.1008972
-2650.1082357
-2650.1003589
-2650.0953248
-2650.0842718
-2650.0716777
-2650.0668532
-2650.0648937
-2650.0702555
-2650.0828240
-2650.0854959
-2650.0874788
-2650.0898346
-2650.1092979
-2650.1269583
-2650.0879208
-2650.1022305
-2650.0929505
-2650.0817387
-2650.0790398
-2650.0799759
-2650.0952431
-2650.0999355
-2650.1231162
-2650.1243061
-2650.1177216
-2650.1143816
-2650.1119450
-2650.1268966
-2650.1281712
-2650.1065148
-2650.1047385
-2650.1026677
-2650.0898486
-2650.1104036
-2650.0991410
-2650.0976859
-2650.0995612
-2650.0934475
-2650.0904527
-2650.0899187
-2650.0956526
-2650.0992619
-2650.1040331
-2650.0991523
-2650.0976920
-2650.1284680
-2650.1298841
-2650.1281510
-2650.1246419
-2650.1150460
-2650.0886895
-2650.0873792
-2650.0917039
-2650.0964859
-2650.1076459
-2650.1112668
-2650.1220307
-2650.1120977
-2650.1110184
-2650.1315066
-2650.1359267
-2650.1180147
-2650.1168300
-2650.1233687
-2650.1292111
-2650.1257176
-2650.1165747
-2650.1160205
-2650.1147496
-2650.1312026
-2650.1361200
-2650.1359078
-2650.1348929
-2650.1324026
-2650.1014584
-2650.1177221
-2650.1223285
-2650.1242371
-2650.1201681
-2650.1173286
-2650.1220593
-2650.1175624
-2650.1007195
-2650.1117329
-2650.1133995
-2650.1404336
-2650.1299131
