-2650.0824229
-2650.1054005
-2650.0804806
-2650.0791752
-2650.0976066
-2650.1249225
-2650.1068812
-2650.1308389
-2650.1347824
-2650.1381013
-2650.1181919
-2650.1263228
-2650.1553781
-2650.1553693
-2650.1354071
-2650.1500532
-2650.1450781
-2650.1441236
-2650.1349522
-2650.1189741
-2650.1180700
-2650.1229466
-2650.1248318
-2650.1271184
-2650.1559552
-2650.1451657
-2650.1580450
-2650.1701737
-2650.1836938
-2650.1819227
-2650.1694238
-2650.1649564
-2650.1321669
-2650.1274217
-2650.1252690
-2650.1247318
-2650.1252420
-2650.1273209
-2650.1074145
-2650.1072135
-2650.1516517
-2650.1348432
-2650.1509182
-2650.1436353
-2650.1433641
-2650.1400292
-2650.1336372
-2650.1325029
-2650.1404247
-2650.1197108
-2650.1226815
-2650.1363427
-2650.1365533
-2650.1480089
-2650.1538729
-2650.1819184
-2650.1282990
-2650.1320619
-2650.1291479
-2650.1272318
-2650.1302575
-2650.1351311
-2650.1288761
-2650.1284292
-2650.1310301
-2650.1362919
-2650.1414242
-2650.1729166
-2650.1241009
-2650.0913367
-2650.0913861
-2650.0960557
-2650.1049570
-2650.1086560
-2650.1324393
-2650.1355218
-2650.1461831
-2650.1634075
-2650.1574834
-2650.1453811
-2650.1428327
-2650.1373942
-2650.1404114
-2650.1399723
-2650.1454774
-2650.1463723
-2650.1432381
-2650.1420214
-2650.1366859
-2650.1453247
-2650.1456760
-2650.1493305
-2650.1539774
-2650.1580818
-2650.1654199
-2650.1636021
-2650.1636149
-2650.1684276
-2650.1659251
-2650.1667354
-2650.1685753
-2650.1251423
-2650.1250655
-2650.1146443
-2650.1175887
-2650.1216053
-2650.1244581
-2650.1161005
-2650.1009421
-2650.0943192
-2650.0970003
-2650.0970759
-2650.1068545
-2650.1235168
-2650.1353007
-2650.1790959
-2650.1224073
-2650.1188573
-2650.1213302
-2650.1212793
-2650.1232329
-2650.1257624
-2650.1537880
-2650.1543304
-2650.1459073
-2650.1379754
-2650.1403432
-2650.1394856
-2650.1349203
-2650.1363182
-2650.1390646
-2650.1215643
-2650.1189932
-2650.1199855
-2650.1268361
-2650.1245348
-2650.1228185
-2650.1584651
-2650.1684947
-2650.1710851
-2650.1373199
-2650.1235758
-2650.1242428
-2650.1261633
-2650.1300975
-2650.1387474
-2650.1381094
-2650.1368271
-2650.1361560
-2650.1648429
-2650.1324958
-2650.1407644
-2650.1388214
-2650.1353392
-2650.1208428
-2650.1213567
-2650.1251299
-2650.1272823
-2650.1286330
-2650.1291760
-2650.1430792
-2650.1444277
-2650.1450271
-2650.1469398
-2650.1404159
-2650.0973097
-2650.0911075
-2650.0964394
-2650.1222474
-2650.1330947
-2650.1428162
-2650.1482151
-2650.1525962
-2650.1579297
-2650.1545018
-2650.1440298
-2650.1696838
-2650.1235135
-2650.1238893
-2650.1326699
-2650.1341786
-2650.1280217
-2650.1302219
-2650.1290088
-2650.1345744
-2650.1487692
-2650.1524983
-2650.1542649
-2650.1535977
-2650.1510097
-2650.1505725
-2650.1670184
-2650.1640420
-2650.1618878
-2650.1591437
-2650.1593153
-2650.1594632
-2650.1629392
-2650.1690439
-2650.1493268
-2650.1265671
-2650.1253343
-2650.1278462
-2650.1223492
-2650.1020181
-2650.1101760
-2650.1112589
-2650.1166889
-2650.1319443
-2650.1296343
-2650.1040096
-2650.1246540
-2650.1237747
-2650.1199649
-2650.1150726
-2650.1257733
-2650.0949372
-2650.0870459
-2650.1406508
-2650.1247647
-2650.1193035
-2650.1133668
-2650.1073528
-2650.0828641
-2650.0762684
-2650.0725724
-2650.0339029
-2650.1046546
-2650.1123252
-2650.1555980
-2650.1597582
-2650.1471918
-2650.1342445
-2650.1334997
-2650.1259542
-2650.1392198
-2650.1431373
-2650.1472464
-2650.1742439
-2650.1834910
-2650.1816025
-2650.1352103
-2650.1405329
-2650.1100711
-2650.0817478
-2650.1004250
-2650.1008261
-2650.1578190
-2650.1599559
-2650.1631850
-2650.1446516
-2650.1129243
-2650.1084227
-2650.1192394
-2650.1020771
-2650.0976212
-2650.0922073
-2650.0876118
-2650.0882399
-2650.1037262
-2650.1188326
-2650.1239741
-2650.1240976
-2650.1058305
-2650.1341674
-2650.1472635
-2650.1457813
-2650.1397481
-2650.1274020
-2650.1166962
-2650.0971353
-2650.1010881
-2650.1025318
-2650.1019309
-2650.1076600
-2650.1092505
-2650.1223450
-2650.1336346
-2650.1398869
-2650.1116094
-2650.1322047
-2650.1157956
-2650.1191065
-2650.1180736
-2650.1254954
-2650.1308107
-2650.1336928
-2650.1327115
-2650.1311913
-2650.1408292
-2650.1585203
-2650.1630958
-2650.1114277
-2650.1310496
-2650.1330382
-2650.1122221
-2650.1071333
-2650.1136806
-2650.1593619
-2650.1657320
-2650.1705162
-2650.1671766
-2650.1727247
-2650.1382870
-2650.1080013
-2650.1048769
-2650.1046456
-2650.1014422
-2650.0994173
-2650.1490084
-2650.1433208
-2650.1380697
-2650.1348957
-2650.1356460
-2650.1200994
-2650.1364543
-2650.1166681
-2650.1530784
-2650.1641858
-2650.1256010
-2650.1280352
-2650.1264833
-2650.1206325
-2650.1140801
-2650.1263206
-2650.1259473
-2650.1080654
-2650.1096209
-2650.1109808
-2650.1195689
-2650.1244655
-2650.1150925
-2650.1275921
-2650.1335504
-2650.1338011
-2650.1397286
-2650.1406458
-2650.1406377
-2650.1313861
-2650.1456558
-2650.1157598
-2650.1248093
-2650.1513607
-2650.1228240
-2650.1155560
-2650.1371745
-2650.1270395
-2650.1215107
-2650.1159392
-2650.1527364
-2650.1402121
-2650.1390161
-2650.1372076
-2650.1382620
-2650.1401616
-2650.1482550
-2650.1529162
-2650.1566773
-2650.1817206
-2650.1775159
-2650.1770604
-2650.1787317
-2650.1011895
-2650.1008138
-2650.1016339
-2650.1023948
-2650.0881741
-2650.0513539
-2650.0451557
-2650.0385252
-2650.0387068
-2649.9984997
-2650.0017762
-2649.9965397
-2649.9910229
-2649.9945359
-2650.0128026
-2650.0292934
-2650.0070974
-2649.9894544
-2649.9735270
-2649.9749093
-2649.9766041
-2649.9593793
-2649.9529425
-2649.9598809
-2650.0140417
-2650.0206971
-2650.0225461
-2650.0197978
-2650.0161565
-2649.9984152
-2650.0137773
-2650.0878411
-2650.0778975
-2650.0369453
-2650.0354719
-2650.0413824
-2650.0470948
-2650.0544416
-2650.0636344
-2650.0959766
-2650.0464033
-2650.1350556
-2650.1342790
-2650.1323385
-2650.1278982
-2650.1263880
-2650.1291221
-2650.1260468
-2650.1147435
-2650.1169337
-2650.1144260
-2650.1122125
-2650.1124156
-2650.1192925
-2650.1393635
-2650.1474517
-2650.1489259
-2650.1089865
-2650.1018949
-2650.1251519
-2650.1301543
-2650.1031981
-2650.0953366
-2650.0844095
-2650.1221397
-2650.0766419
-2650.1025399
-2650.0394936
-2650.0974857
-2650.1069711
-2650.1105456
-2650.1059644
-2650.0989586
-2650.0812250
-2650.0310595
-2650.0016633
-2649.9921225
-2650.0009959
-2650.0094915
-2650.0420415
-2650.0512957
-2650.0409784
-2650.0213702
-2650.0292012
-2650.0485902
-2650.0998109
-2650.0891980
-2650.0803892
-2650.1071191
-2650.1072969
-2650.1011917
-2650.0988364
-2650.1105488
-2650.1559482
-2650.1571234
-2650.1398473
-2650.1433226
-2650.1788285
-2650.1483757
-2650.1385533
-2650.1317321
-2650.1349736
-2650.1382200
-2650.1326771
-2650.1302029
-2650.1347504
-2650.1343999
-2650.1306828
-2650.1224090
-2650.1252298
-2650.1308182
-2650.1282732
-2650.1170160
-2650.1276096
-2650.1302019
-2650.1328646
-2650.1373876
-2650.1272248
-2650.1306535
-2650.1166998
-2650.1161549
-2650.1255793
-2650.1266310
-2650.1419664
-2650.1685895
-2650.1902501
-2650.1330681
-2650.1357678
-2650.1051860
-2650.1045953
-2650.1079956
-2650.1067656
-2650.1031103
-2650.0975713
-2650.1260065
-2650.1334295
-2650.1424065
-2650.1504671
-2650.1642070
-2650.1716176
-2650.1246324
-2650.1212053
-2650.1182231
-2650.1155795
-2650.1166737
-2650.1119332
-2650.1070053
-2650.1013992
-2650.1132886
-2650.1071988
-2650.1113980
-2650.1306901
-2650.1425633
-2650.1469982
-2650.1423792
-2650.1477422
-2650.1306841
-2650.1323381
-2650.1331424
-2650.1145399
-2650.1185140
-2650.1149245
-2650.1135201
-2650.1248069
-2650.1315503
-2650.1249773
-2650.1243384
-2650.1010544
-2650.1089643
-2650.1257727
-2650.1012700
-2650.1095918
-2650.1427781
-2650.1320005
-2650.1636860
-2650.1640152
-2650.1687497
-2650.1807345
-2650.1356777
-2650.1261850
-2650.1230475
-2650.1194275
-2650.1202473
-2650.1445866
-2650.1220320
-2650.1262272
-2650.1366126
-2650.1486028
-2650.1693726
-2650.1795677
-2650.1586917
-2650.1578834
-2650.1388329
-2650.1381924
-2650.1145636
-2650.1095064
-2650.1283973
-2650.1141218
-2650.1193746
-2650.1281890
-2650.1244633
-2650.1164394
-2650.1216646
-2650.1312754
-2650.1332447
-2650.1481365
-2650.1517869
-2650.1562198
-2650.1535328
-2650.1502221
-2650.1288557
-2650.1256025
-2650.1271787
-2650.1284395
-2650.1258888
-2650.1248799
-2650.1243835
-2650.1247866
-2650.1262962
-2650.1520916
-2650.1675205
-2650.1777951
-2650.1734838
-2650.1728676
-2650.1752326
-2650.1408194
-2650.1347737
-2650.1226102
-2650.1256390
-2650.1309905
-2650.1578284
-2650.1720614
-2650.1669744
-2650.1587023
-2650.1556984
-2650.1663947
-2650.1367736
-2650.1299657
-2650.1446998
-2650.1494970
-2650.1517182
-2650.1497111
-2650.1441532
-2650.1455994
-2650.1482556
-2650.1578545
-2650.1528855
-2650.1549107
-2650.1606209
-2650.1763607
-2650.1334729
-2650.1337244
-2650.1380806
-2650.1384273
-2650.1369824
-2650.1349515
-2650.1303252
-2650.1372970
-2650.1383160
-2650.1479140
-2650.1539325
-2650.1558901
-2650.1709174
-2650.1750777
-2650.1821622
-2650.1729654
-2650.1208155
-2650.1165994
-2650.1110752
-2650.1115720
-2650.1116843
-2650.1153392
-2650.1219807
-2650.1305881
-2650.1377804
-2650.1283035
-2650.1275667
-2650.1357469
-2650.1380155
-2650.1376692
-2650.1208410
-2650.1178570
-2650.1167986
-2650.1235158
-2650.1269521
-2650.1519590
-2650.1586668
-2650.1607712
-2650.1538912
-2650.1462874
-2650.1441702
-2650.1396478
-2650.1368279
-2650.1297038
-2650.1246108
-2650.1244871
-2650.1331078
-2650.1406183
-2650.1448550
-2650.1636278
-2650.1715757
-2650.1592055
-2650.1599099
-2650.1477467
-2650.1457787
-2650.1408435
-2650.1410505
-2650.1408006
-2650.1303338
-2650.1285733
-2650.1273799
-2650.1264919
-2650.1255731
-2650.1221006
-2650.1212045
-2650.1338236
-2650.1447469
-2650.1260284
-2650.1164093
-2650.0829165
-2650.1058011
-2650.1018978
-2650.0862519
-2650.0881770
-2650.0839177
-2650.0819298
-2650.0821430
-2650.0877513
-2650.1189285
-2650.1248653
-2650.1196951
-2650.1357710
-2650.1277518
-2650.1078730
-2650.1164416
-2650.1140199
-2650.1127957
-2650.1188082
-2650.1215177
-2650.1730946
-2650.1140347
-2650.1161523
-2650.1171873
-2650.1178030
-2650.1225597
-2650.1238355
-2650.1273537
-2650.1300539
-2650.1331619
-2650.1479771
-2650.1719679
-2650.1767628
-2650.1739103
-2650.1238662
-2650.1384576
-2650.1440493
-2650.1433890
-2650.1540826
-2650.1584636
-2650.1594656
-2650.1560473
-2650.1610665
-2650.1715383
-2650.1703752
-2650.1366470
-2650.1429345
-2650.1482094
-2650.1679820
-2650.1677390
-2650.1264881
-2650.1118125
-2650.1200902
-2650.1171897
-2650.1190491
-2650.1435058
-2650.1431173
-2650.1524223
-2650.1547952
-2650.1612450
-2650.1320799
-2650.1370040
-2650.1379693
-2650.1390161
-2650.1405553
-2650.1434477
-2650.1468115
-2650.1562408
-2650.1240232
-2650.1280991
-2650.1289897
-2650.1300531
-2650.1368400
-2650.1418526
-2650.1444028
-2650.1525644
-2650.1382937
-2650.1024829
-2650.1021156
-2650.1032153
-2650.1079870
-2650.1655492
-2650.1279330
-2650.1024512
-2650.1021298
-2650.1115508
-2650.1255771
-2650.1238676
-2650.1259928
-2650.1107771
-2650.1089976
-2650.1255927
-2650.1484152
-2650.1422424
-2650.1407746
-2650.1391727
-2650.1368847
-2650.1227175
-2650.1197802
-2650.1204020
-2650.1225544
-2650.1154957
-2650.1173034
-2650.1676693
-2650.1718906
-2650.1132199
-2650.1465686
-2650.1381515
-2650.1328696
-2650.1362646
-2650.1273818
-2650.1316322
-2650.1432830
-2650.1577882
-2650.1213174
-2650.1266170
-2650.1276032
-2650.1258722
-2650.1268521
-2650.1256839
-2650.1316843
-2650.1387632
-2650.1421751
-2650.1485961
-2650.1549635
-2650.1592914
-2650.1666040
-2650.1742502
-2650.1227513
-2650.1263368
-2650.1278577
-2650.1188752
-2650.1187669
-2650.1254145
-2650.1480356
-2650.1466913
-2650.1482804
-2650.1571666
-2650.1574082
-2650.1456432
-2650.1502494
-2650.1543049
-2650.1136079
-2650.1258948
-2650.1308907
-2650.1162323
-2650.1172280
-2650.1640773
-2650.1395266
-2650.1485150
-2650.1377860
-2650.1295334
-2650.1221561
-2650.1132047
-2650.0991124
-2650.0765434
-2650.0840311
-2650.0910372
-2650.1011945
-2650.1038242
-2650.0884934
-2650.1248582
-2650.1050282
-2650.1103013
-2650.1083295
-2650.1037043
-2650.1267666
-2650.1258967
-2650.1093953
-2650.1157369
-2650.1180824
-2650.1448312
-2650.1486090
-2650.1506289
-2650.1555752
-2650.1578711
-2650.1570814
-2650.1558720
-2650.1438020
-2650.1154205
-2650.1134931
-2650.0969914
-2650.0960577
-2650.0955237
-2650.0954301
-2650.1067145
-2650.1035056
-2650.1414252
-2650.1747496
-2650.1688760
-2650.1607623
-2650.1370716
-2650.1318762
-2650.1382752
-2650.1420557
-2650.1448298
-2650.1464372
-2650.1490826
-2650.1530983
-2650.1522891
-2650.1525366
-2650.1152839
-2650.1187471
-2650.1194653
-2650.1564011
-2650.1748330
-2650.1477818
-2650.1509058
-2650.1481620
-2650.1402343
-2650.1422717
-2650.1395416
-2650.1308731
-2650.1223301
-2650.1193286
-2650.1290871
-2650.1230700
-2650.1198138
-2650.1282189
-2650.1265369
-2650.1345401
-2650.1395921
-2650.1608344
-2650.1570124
-2650.1598162
-2650.1704798
-2650.1690204
-2650.1598848
-2650.1575194
-2650.1560001
-2650.1225869
-2650.1250630
-2650.1253592
-2650.1162625
-2650.1110713
-2650.0999466
-2650.0876718
-2650.0871353
-2650.0868995
-2650.0924936
-2650.0998703
-2650.0957214
-2650.0960914
-2650.0979098
-2650.1179785
-2650.1443364
-2650.0971583
-2650.1110631
-2650.1172822
-2650.1127727
-2650.1147719
-2650.1145708
-2650.1260146
-2650.1288365
-2650.1474767
-2650.1404078
-2650.1377620
-2650.1366527
-2650.1363485
-2650.1677755
-2650.1690204
-2650.1238293
-2650.1244413
-2650.1254897
-2650.1208467
-2650.1484204
-2650.1394362
-2650.1409593
-2650.1436864
-2650.1471343
-2650.1463380
-2650.1499924
-2650.1578403
-2650.1621725
-2650.1424773
-2650.1399088
-2650.1392381
-2650.1542557
-2650.1537356
-2650.1506649
-2650.1450376
-2650.1303680
-2650.0972218
-2650.0949430
-2650.0972802
-2650.1015251
-2650.1121735
-2650.1155628
-2650.1345659
-2650.1262447
-2650.1240785
-2650.1430951
-2650.1575239
-2650.1427184
-2650.1435865
-2650.1484971
-2650.1537609
-2650.1477477
-2650.1432024
-2650.1432764
-2650.1407946
-2650.1539833
-2650.1497788
-2650.1507032
-2650.1699144
-2650.1702998
-2650.1528034
-2650.1600135
-2650.1596968
-2650.1496078
-2650.1424685
-2650.1370079
-2650.1354794
-2650.1259936
-2650.1126457
-2650.1235063
-2650.1214164
-2650.1668163
-2650.1728890
