-2650.1652574
-2650.2238289
-2650.2014482
-2650.1998796
-2650.2172882
-2650.2400725
-2650.2022822
-2650.1559711
-2650.1586334
-2650.1600726
-2650.2048216
-2650.2112435
-2650.2502284
-2650.2508935
-2650.2279567
-2650.2236807
-2650.2020788
-2650.2050151
-2650.2216394
-2650.2197021
-2650.2217489
-2650.2296125
-2650.2289593
-2650.2267288
-2650.2341254
-2650.2122569
-2650.2109699
-2650.2062289
-2650.1997825
-2650.2012299
-2650.1960397
-2650.1971097
-2650.2116571
-2650.1971712
-2650.1949107
-2650.1962765
-2650.1996956
-2650.2053261
-2650.1930124
-2650.1893592
-2650.2194112
-2650.1939147
-2650.1941053
-2650.1835666
-2650.2042643
-2650.1994684
-2650.1927374
-2650.1998091
-2650.2369338
-2650.2330258
-2650.2346381
-2650.2289781
-2650.2235481
-2650.2132709
-2650.2135695
-2650.1966825
-2650.1946983
-2650.1978884
-2650.1950918
-2650.1949299
-2650.1992447
-2650.2122506
-2650.2289185
-2650.2169644
-2650.2154345
-2650.2058684
-2650.2000927
-2650.1990261
-2650.2154837
-2650.1898211
-2650.1914796
-2650.2004831
-2650.2179695
-2650.2282638
-2650.1995374
-2650.1936291
-2650.1856606
-2650.1819097
-2650.1918251
-2650.2176644
-2650.2172193
-2650.2159909
-2650.2225074
-2650.2215889
-2650.2303540
-2650.2325461
-2650.2338275
-2650.2332131
-2650.2258000
-2650.2250942
-2650.2209519
-2650.2139519
-2650.2129142
-2650.1933168
-2650.1982423
-2650.1941680
-2650.1935035
-2650.1979576
-2650.1979761
-2650.1992455
-2650.2023063
-2650.1553043
-2650.1971867
-2650.2108835
-2650.2194820
-2650.2278699
-2650.2341434
-2650.2327934
-2650.2208090
-2650.2185666
-2650.2222683
-2650.2031106
-2650.2097312
-2650.1958762
-2650.1911336
-2650.2041294
-2650.2129292
-2650.2104994
-2650.2096448
-2650.2089051
-2650.2071046
-2650.2104370
-2650.2373190
-2650.2193502
-2650.2088944
-2650.1905969
-2650.1943648
-2650.1998659
-2650.2240322
-2650.2290892
-2650.2392218
-2650.2260130
-2650.2239955
-2650.2253967
-2650.2319408
-2650.2268889
-2650.2128245
-2650.2130982
-2650.1893130
-2650.1933683
-2650.2113558
-2650.2047510
-2650.2070792
-2650.2108736
-2650.2236050
-2650.2199903
-2650.2088606
-2650.2024834
-2650.1930675
-2650.2212306
-2650.2125873
-2650.2382888
-2650.2382528
-2650.2363315
-2650.2275977
-2650.2291983
-2650.2350707
-2650.2381486
-2650.2402627
-2650.2307174
-2650.2265731
-2650.2215119
-2650.2099114
-2650.2006678
-2650.2108064
-2650.2000071
-2650.2061587
-2650.2134615
-2650.2184309
-2650.2174918
-2650.2076818
-2650.1966327
-2650.1921835
-2650.1885040
-2650.1786326
-2650.1732832
-2650.1925082
-2650.1937342
-2650.1940143
-2650.2145862
-2650.2202657
-2650.2274925
-2650.2184399
-2650.2151120
-2650.2151050
-2650.2249338
-2650.2274964
-2650.2281968
-2650.2265069
-2650.2228551
-2650.2177483
-2650.2189068
-2650.2052714
-2650.1973736
-2650.1856758
-2650.1829769
-2650.1824475
-2650.1864384
-2650.1924537
-2650.2213223
-2650.2139068
-2650.2261006
-2650.2292296
-2650.2249698
-2650.2163189
-2650.2233220
-2650.2224329
-2650.2254237
-2650.2313471
-2650.2256372
-2650.1864436
-2650.2177344
-2650.2184788
-2650.2160558
-2650.2123890
-2650.2260739
-2650.2005679
-2650.1781335
-2650.1644863
-2650.1449286
-2650.1481880
-2650.1502861
-2650.1509025
-2650.1556220
-2650.1867744
-2650.2060497
-2650.1852038
-2650.1650648
-2650.1693356
-2650.2030471
-2650.2049580
-2650.1915433
-2650.2076392
-2650.2097283
-2650.2211552
-2650.2276305
-2650.2233813
-2650.2212098
-2650.2128450
-2650.2125405
-2650.2031804
-2650.1803674
-2650.2003458
-2650.2141674
-2650.2035134
-2650.2192099
-2650.2092064
-2650.2143042
-2650.2070975
-2650.1786214
-2650.1731843
-2650.1910166
-2650.2119449
-2650.2253332
-2650.2112088
-2650.2148630
-2650.2097267
-2650.2047365
-2650.1854186
-2650.1922101
-2650.2034018
-2650.2071007
-2650.2008665
-2650.1727539
-2650.1797513
-2650.1788003
-2650.1715126
-2650.1562345
-2650.2239672
-2650.2334405
-2650.2324427
-2650.2373467
-2650.2384668
-2650.2371794
-2650.2345396
-2650.2337490
-2650.2326710
-2650.2253085
-2650.1923520
-2650.1947853
-2650.2299704
-2650.2212531
-2650.2378587
-2650.2305159
-2650.2338369
-2650.2345539
-2650.2272367
-2650.2209196
-2650.2041864
-2650.2027463
-2650.2141813
-2650.2167750
-2650.1876843
-2650.2083796
-2650.2145324
-2650.2033954
-2650.2025344
-2650.2307955
-2650.2077276
-2650.1988147
-2650.1934338
-2650.1919077
-2650.1948897
-2650.2004464
-2650.2221528
-2650.2207267
-2650.2285323
-2650.2241524
-2650.2190565
-2650.2226491
-2650.2073915
-2650.1998746
-2650.1917822
-2650.1917138
-2650.2075315
-2650.2268944
-2650.2060651
-2650.2269133
-2650.2152252
-2650.2164419
-2650.2225308
-2650.2250777
-2650.2206885
-2650.2154021
-2650.2299782
-2650.2303544
-2650.2143733
-2650.2175746
-2650.2276474
-2650.2366602
-2650.2410001
-2650.2281652
-2650.2034692
-2650.2103838
-2650.2119088
-2650.2270705
-2650.2322642
-2650.2341726
-2650.2076647
-2650.2173803
-2650.1790265
-2650.1821034
-2650.2127574
-2650.1968750
-2650.1921725
-2650.2115636
-2650.1931032
-2650.1829194
-2650.1737519
-2650.1851115
-2650.2198652
-2650.2177829
-2650.2142883
-2650.2151334
-2650.2169497
-2650.2246917
-2650.2279091
-2650.2256181
-2650.2191644
-2650.2162292
-2650.2160321
-2650.2168567
-2650.1418633
-2650.1431945
-2650.1484335
-2650.1563484
-2650.2108412
-2650.2019319
-2650.1985906
-2650.1970898
-2650.2050579
-2650.0694539
-2650.0833355
-2650.0829340
-2650.0811239
-2650.0999897
-2650.1234620
-2650.1259382
-2650.0931957
-2650.0823125
-2650.0732143
-2650.0863236
-2650.0928465
-2650.0868620
-2650.0862882
-2650.0982648
-2650.1408638
-2650.1593611
-2650.1664939
-2650.1464059
-2650.1401623
-2650.1201414
-2650.1463651
-2650.2305795
-2650.2088056
-2650.1120148
-2650.1089603
-2650.1140799
-2650.1208935
-2650.1307246
-2650.1437152
-2650.2106553
-2650.1474536
-2650.2043593
-2650.2065629
-2650.2082065
-2650.2122713
-2650.2153517
-2650.2403064
-2650.2409969
-2650.2321781
-2650.2311168
-2650.2274935
-2650.2240004
-2650.2191726
-2650.2213630
-2650.2259598
-2650.2137560
-2650.2071362
-2650.1958010
-2650.1830784
-2650.2032253
-2650.2103135
-2650.1969234
-2650.1895817
-2650.1801006
-2650.2114574
-2650.1601257
-2650.1664573
-2650.1113264
-2650.2093038
-2650.2189074
-2650.2203205
-2650.2128753
-2650.2021974
-2650.1696369
-2650.1265851
-2650.1057108
-2650.1100550
-2650.1165544
-2650.0911262
-2650.1172701
-2650.1245100
-2650.0898051
-2650.0929537
-2650.1055788
-2650.1531650
-2650.1871241
-2650.1655033
-2650.1517031
-2650.1971565
-2650.1889081
-2650.1765252
-2650.1713364
-2650.1767297
-2650.2186739
-2650.2183480
-2650.1931673
-2650.1928154
-2650.2148887
-2650.2134929
-2650.2102243
-2650.2117910
-2650.2173437
-2650.2226219
-2650.2227217
-2650.2281381
-2650.2353736
-2650.2373913
-2650.2352605
-2650.2301712
-2650.2338809
-2650.2372788
-2650.2331314
-2650.2097982
-2650.2078057
-2650.1962034
-2650.1782984
-2650.1905570
-2650.2196823
-2650.2308010
-2650.2351148
-2650.2427359
-2650.2408268
-2650.2364145
-2650.2355649
-2650.2306027
-2650.2120659
-2650.2208755
-2650.2279885
-2650.2203986
-2650.2221794
-2650.2270734
-2650.2261327
-2650.2220164
-2650.2149401
-2650.2303474
-2650.2263695
-2650.2142319
-2650.2077679
-2650.2068528
-2650.2076803
-2650.2126539
-2650.2130688
-2650.2139900
-2650.2187754
-2650.2363851
-2650.2409229
-2650.2364274
-2650.2305390
-2650.2326766
-2650.2069917
-2650.2074002
-2650.2147431
-2650.2181170
-2650.2181344
-2650.1932803
-2650.1848877
-2650.2201799
-2650.2242527
-2650.2255426
-2650.2136707
-2650.2148168
-2650.2036351
-2650.1989450
-2650.1902977
-2650.1919951
-2650.1693210
-2650.2260843
-2650.2047697
-2650.2129881
-2650.2281962
-2650.1976950
-2650.2028063
-2650.2294433
-2650.2115089
-2650.1910012
-2650.1885960
-2650.1883160
-2650.1977578
-2650.1756291
-2650.1904796
-2650.2353469
-2650.2344763
-2650.2303804
-2650.2040826
-2650.1772629
-2650.1828823
-2650.2273952
-2650.2217498
-2650.1945832
-2650.1913515
-2650.2152455
-2650.2224255
-2650.2173846
-2650.2199189
-2650.2037305
-2650.1970865
-2650.2147837
-2650.1940035
-2650.1964551
-2650.1856912
-2650.1789677
-2650.1541198
-2650.1577584
-2650.1654265
-2650.1671464
-2650.2079074
-2650.2094941
-2650.2104167
-2650.2093912
-2650.2344883
-2650.2334451
-2650.2358965
-2650.2392490
-2650.2417164
-2650.2369565
-2650.2326425
-2650.2283008
-2650.2244485
-2650.2213952
-2650.2219186
-2650.2269779
-2650.2275914
-2650.2179562
-2650.2178159
-2650.2200258
-2650.1909615
-2650.1819231
-2650.1618626
-2650.1614287
-2650.1656529
-2650.1907610
-2650.2038930
-2650.1960060
-2650.1852224
-2650.1747749
-2650.1813090
-2650.2200036
-2650.2161754
-2650.2294129
-2650.2323705
-2650.2323799
-2650.2253997
-2650.2130354
-2650.2140330
-2650.2161703
-2650.2229455
-2650.2077015
-2650.2010965
-2650.2024442
-2650.2081091
-2650.2243367
-2650.2208584
-2650.2246657
-2650.2259145
-2650.2255683
-2650.2249761
-2650.2277737
-2650.2389379
-2650.2325875
-2650.2320819
-2650.2239268
-2650.2203593
-2650.2115254
-2650.2108320
-2650.2019745
-2650.1941063
-2650.2241997
-2650.2272397
-2650.2216471
-2650.2186058
-2650.2159303
-2650.2173618
-2650.2224927
-2650.2297165
-2650.2345215
-2650.1461334
-2650.1479247
-2650.1560800
-2650.2073043
-2650.2186852
-2650.2334236
-2650.2315718
-2650.2278508
-2650.2273219
-2650.2285088
-2650.2238901
-2650.2194563
-2650.2003118
-2650.1980368
-2650.2208849
-2650.2234545
-2650.2272426
-2650.2279050
-2650.2262801
-2650.2248627
-2650.2259857
-2650.2266427
-2650.2272059
-2650.2271934
-2650.2195486
-2650.2157251
-2650.1848591
-2650.1838357
-2650.1883184
-2650.1861778
-2650.1852493
-2650.2048876
-2650.2185791
-2650.2297921
-2650.2318691
-2650.2391906
-2650.2412720
-2650.2425554
-2650.2390025
-2650.2357127
-2650.2346751
-2650.2282799
-2650.2262166
-2650.2193052
-2650.1915150
-2650.2334998
-2650.2323588
-2650.2248928
-2650.2128357
-2650.2029191
-2650.1952482
-2650.1900279
-2650.1863502
-2650.2022238
-2650.2033848
-2650.1964872
-2650.2014195
-2650.1857717
-2650.1827071
-2650.1936616
-2650.1998963
-2650.2033630
-2650.2239461
-2650.2419826
-2650.2064790
-2650.2004397
-2650.2032923
-2650.2059529
-2650.2098425
-2650.2215081
-2650.2289382
-2650.2336152
-2650.2361874
-2650.2341017
-2650.2254172
-2650.2085609
-2650.2007522
-2650.2032463
-2650.1998205
-2650.2085540
-2650.2080262
-2650.2016867
-2650.2072147
-2650.2109215
-2650.2114367
-2650.2005369
-2650.2029315
-2650.2073083
-2650.2056512
-2650.1959687
-2650.1945589
-2650.2028373
-2650.1980004
-2650.1958119
-2650.2366758
-2650.2201778
-2650.2276432
-2650.2135106
-2650.2126584
-2650.2064174
-2650.1969813
-2650.1949772
-2650.1970794
-2650.2051986
-2650.2257955
-2650.2263048
-2650.2252007
-2650.2253047
-2650.2270140
-2650.2323895
-2650.2337000
-2650.2095222
-2650.2245674
-2650.2279032
-2650.2147565
-2650.2118093
-2650.1982806
-2650.1976453
-2650.2000250
-2650.2123006
-2650.2170824
-2650.1867822
-2650.1863212
-2650.1869465
-2650.1887101
-2650.2087003
-2650.2103260
-2650.2039539
-2650.2092637
-2650.2264971
-2650.2462051
-2650.2434009
-2650.2440972
-2650.2208939
-2650.2166249
-2650.2102194
-2650.2076509
-2650.2105304
-2650.2241708
-2650.2314410
-2650.2333818
-2650.2326556
-2650.2306269
-2650.2324801
-2650.2353271
-2650.2319478
-2650.2309526
-2650.1900082
-2650.1862243
-2650.1724198
-2650.2066972
-2650.2020909
-2650.2026230
-2650.2093094
-2650.2154030
-2650.2160129
-2650.2233729
-2650.2031461
-2650.1979866
-2650.2128427
-2650.2263715
-2650.2319312
-2650.2419532
-2650.2482010
-2650.2516180
-2650.2428598
-2650.2420607
-2650.2392155
-2650.2307957
-2650.2217319
-2650.2215362
-2650.2109152
-2650.2186473
-2650.2361039
-2650.2399377
-2650.2355083
-2650.2256445
-2650.2225999
-2650.2242883
-2650.2089931
-2650.2060079
-2650.2032748
-2650.2012330
-2650.1873252
-2650.1889953
-2650.1919945
-2650.1986513
-2650.2121672
-2650.2207530
-2650.2101314
-2650.1959910
-2650.2072084
-2650.1613219
-2650.1959013
-2650.1973398
-2650.1956153
-2650.2377427
-2650.2299019
-2650.2183889
-2650.2036417
-2650.2104132
-2650.2165511
-2650.2241892
-2650.2252838
-2650.2038230
-2650.2378965
-2650.2125575
-2650.2138505
-2650.2118837
-2650.2085598
-2650.2450465
-2650.2407707
-2650.2121139
-2650.1942772
-2650.1929481
-2650.1802688
-2650.1801478
-2650.1789046
-2650.1791606
-2650.1972243
-2650.2035742
-2650.2103746
-2650.2246807
-2650.2248053
-2650.2277943
-2650.2131565
-2650.2104405
-2650.2083617
-2650.2070150
-2650.2141916
-2650.2063564
-2650.2198635
-2650.1843332
-2650.1873502
-2650.1794862
-2650.1735428
-2650.1727883
-2650.2054381
-2650.2085361
-2650.2185843
-2650.2187973
-2650.2194252
-2650.2115962
-2650.2006757
-2650.1979842
-2650.1970005
-2650.2036098
-2650.2077589
-2650.2050634
-2650.1901663
-2650.2138611
-2650.1843555
-2650.1817366
-2650.2151871
-2650.2181254
-2650.2188405
-2650.2167400
-2650.2181760
-2650.2212641
-2650.2467498
-2650.2429882
-2650.2403992
-2650.2467067
-2650.2340408
-2650.2266968
-2650.2269359
-2650.2266719
-2650.2103192
-2650.2042083
-2650.1958043
-2650.1912053
-2650.1781941
-2650.1759539
-2650.1757781
-2650.1829048
-2650.1920433
-2650.2076317
-2650.2284288
-2650.2260919
-2650.2191135
-2650.2117995
-2650.2273778
-2650.2266039
-2650.2220529
-2650.2163471
-2650.1862803
-2650.1765269
-2650.1735946
-2650.1770010
-2650.1875660
-2650.1942279
-2650.2165572
-2650.2305602
-2650.2196119
-2650.2005561
-2650.1905701
-2650.1846426
-2650.1837974
-2650.1949541
-2650.2068813
-2650.2059531
-2650.2052204
-2650.2051733
-2650.2230343
-2650.2213337
-2650.1970086
-2650.1901849
-2650.1847215
-2650.1729877
-2650.2045982
-2650.2068382
-2650.2175965
-2650.2218215
-2650.2224641
-2650.2191900
-2650.2165946
-2650.2171225
-2650.2141305
-2650.1757619
-2650.1702115
-2650.1689088
-2650.2112162
-2650.2192993
-2650.2239356
-2650.2257081
-2650.2237008
-2650.2066558
-2650.2053660
-2650.2098073
-2650.2146190
-2650.2256463
-2650.2290570
-2650.2321995
-2650.2015513
-2650.1948955
-2650.1922749
-2650.1867482
-2650.1571539
-2650.1979790
-2650.2101343
-2650.2179554
-2650.2241239
-2650.2289541
-2650.2336409
-2650.2260936
-2650.2312714
-2650.2135009
-2650.2088575
-2650.1834149
-2650.1821891
-2650.1703091
-2650.1916760
-2650.1991227
-2650.2083966
-2650.2102075
-2650.2126814
-2650.2233418
-2650.2235830
-2650.2100203
-2650.2172235
-2650.2026814
-2650.2058007
-2650.1813885
