-2650.0778308
-2650.1014948
-2650.0766735
-2650.0755782
-2650.0941119
-2650.1232204
-2650.0987747
-2650.1280778
-2650.1331064
-2650.1364933
-2650.1057345
-2650.1127729
-2650.1451575
-2650.1459002
-2650.1299735
-2650.1453592
-2650.1192905
-2650.1211981
-2650.1309646
-2650.1230547
-2650.1232626
-2650.1291703
-2650.1301449
-2650.1291856
-2650.1401187
-2650.1235723
-2650.1361316
-2650.1491472
-2650.1661533
-2650.1654777
-2650.1552036
-2650.1533996
-2650.1253127
-2650.1136500
-2650.1108865
-2650.1115358
-2650.1140424
-2650.1186068
-2650.1036603
-2650.1051212
-2650.1416741
-2650.1233961
-2650.1434548
-2650.1401298
-2650.1213152
-2650.1175114
-2650.1116526
-2650.1160126
-2650.1388304
-2650.1231525
-2650.1263587
-2650.1303582
-2650.1260022
-2650.1271070
-2650.1329054
-2650.1639589
-2650.1064701
-2650.1098004
-2650.1069148
-2650.1057577
-2650.1092675
-2650.1170732
-2650.1200221
-2650.1218281
-2650.1229830
-2650.1200841
-2650.1234431
-2650.1585959
-2650.1159729
-2650.0951229
-2650.0963135
-2650.1023229
-2650.1127521
-2650.1164938
-2650.1101088
-2650.1133510
-2650.1247752
-2650.1459527
-2650.1653010
-2650.1362733
-2650.1352403
-2650.1326823
-2650.1351510
-2650.1339109
-2650.1392363
-2650.1404906
-2650.1384266
-2650.1372840
-2650.1338127
-2650.1371865
-2650.1351267
-2650.1339327
-2650.1369607
-2650.1409582
-2650.1491045
-2650.1476326
-2650.1477013
-2650.1522321
-2650.1499163
-2650.1508815
-2650.1538119
-2650.1005831
-2650.1104215
-2650.1094880
-2650.1136741
-2650.1181878
-2650.1212201
-2650.1138202
-2650.1007442
-2650.0990792
-2650.1025737
-2650.0871426
-2650.0946394
-2650.1031079
-2650.1150548
-2650.1736514
-2650.1178349
-2650.1175468
-2650.1199577
-2650.1170053
-2650.1062449
-2650.1106801
-2650.1427658
-2650.1567081
-2650.1511233
-2650.1158900
-2650.1185959
-2650.1195152
-2650.1242392
-2650.1266180
-2650.1314078
-2650.1150953
-2650.1127356
-2650.1140489
-2650.1268218
-2650.1256469
-2650.1168091
-2650.1406530
-2650.1529345
-2650.1717297
-2650.1225197
-2650.1109064
-2650.1120619
-2650.1145900
-2650.1309004
-2650.1291482
-2650.1211941
-2650.1181367
-2650.1171253
-2650.1572961
-2650.1171373
-2650.1311044
-2650.1300823
-2650.1273655
-2650.1152756
-2650.1161409
-2650.1205647
-2650.1230214
-2650.1246809
-2650.1330067
-2650.1372920
-2650.1350598
-2650.1294047
-2650.1276128
-2650.1185779
-2650.0988489
-2650.0976544
-2650.1041299
-2650.1166866
-2650.1199826
-2650.1214020
-2650.1272378
-2650.1320380
-2650.1378012
-2650.1521573
-2650.1488953
-2650.1724285
-2650.1103672
-2650.1111063
-2650.1285403
-2650.1325847
-2650.1256591
-2650.1165468
-2650.1137199
-2650.1164261
-2650.1298466
-2650.1334952
-2650.1352289
-2650.1345572
-2650.1319714
-2650.1314192
-2650.1487830
-2650.1479201
-2650.1467579
-2650.1456936
-2650.1466326
-2650.1487753
-2650.1560799
-2650.1638061
-2650.1306025
-2650.1168225
-2650.1257711
-2650.1291066
-2650.1253695
-2650.1146500
-2650.1076473
-2650.1088840
-2650.1144208
-2650.1296615
-2650.1272340
-2650.1017175
-2650.1357220
-2650.1354401
-2650.1318178
-2650.1268556
-2650.1358213
-2650.1023361
-2650.0959030
-2650.1200220
-2650.1044162
-2650.1043848
-2650.1027004
-2650.0990031
-2650.0767480
-2650.1029680
-2650.1164255
-2650.0815185
-2650.0879156
-2650.0955117
-2650.1409592
-2650.1501199
-2650.1426539
-2650.1184552
-2650.1200156
-2650.1237904
-2650.1237807
-2650.1260293
-2650.1295369
-2650.1561106
-2650.1663538
-2650.1746066
-2650.1104048
-2650.1176156
-2650.1056525
-2650.0909774
-2650.1066247
-2650.1036729
-2650.1369127
-2650.1394748
-2650.1443290
-2650.1502056
-2650.0985542
-2650.0994967
-2650.1097413
-2650.0959098
-2650.1114244
-2650.1088473
-2650.1064281
-2650.1030116
-2650.1161018
-2650.1305443
-2650.1355053
-2650.1341796
-2650.1121349
-2650.1324192
-2650.1425319
-2650.1401180
-2650.1328575
-2650.1246121
-2650.1123016
-2650.1051578
-2650.1102272
-2650.1121486
-2650.1116081
-2650.1166668
-2650.1180615
-2650.1296205
-2650.1374332
-2650.1429221
-2650.1013784
-2650.1243852
-2650.1102230
-2650.1220059
-2650.1215971
-2650.1281766
-2650.1326577
-2650.1341437
-2650.1327187
-2650.1315199
-2650.1443441
-2650.1661570
-2650.1713497
-2650.1012378
-2650.1209948
-2650.1250464
-2650.1098123
-2650.1072528
-2650.1207855
-2650.1375092
-2650.1449675
-2650.1703038
-2650.1697398
-2650.1753436
-2650.1209378
-2650.1043598
-2650.1008649
-2650.0988280
-2650.0953714
-2650.0928338
-2650.1436667
-2650.1406488
-2650.1352620
-2650.1310572
-2650.1314560
-2650.1210711
-2650.1366475
-2650.1101114
-2650.1303490
-2650.1420585
-2650.1269686
-2650.1300912
-2650.1254753
-2650.1181469
-2650.1115667
-2650.1237770
-2650.1233239
-2650.1053711
-2650.1069382
-2650.1078688
-2650.1163647
-2650.1212609
-2650.1122110
-2650.1179455
-2650.1276258
-2650.1286462
-2650.1349440
-2650.1353465
-2650.1349731
-2650.1098184
-2650.1208032
-2650.0896384
-2650.0995337
-2650.1279169
-2650.1083776
-2650.1052493
-2650.1329998
-2650.1216949
-2650.1155565
-2650.1105663
-2650.1494493
-2650.1273859
-2650.1256806
-2650.1226845
-2650.1235127
-2650.1252523
-2650.1328767
-2650.1368176
-2650.1387790
-2650.1682897
-2650.1708888
-2650.1747511
-2650.1772277
-2650.0761564
-2650.0767832
-2650.0802288
-2650.0853459
-2650.0978851
-2650.0763014
-2650.0715652
-2650.0675991
-2650.0725358
-2650.0159174
-2650.0228001
-2650.0176125
-2650.0112792
-2650.0090445
-2650.0206115
-2650.0197379
-2650.0017790
-2649.9916013
-2649.9789468
-2649.9741742
-2649.9825661
-2649.9836358
-2649.9866820
-2650.0017067
-2650.0384359
-2650.0140384
-2650.0189469
-2650.0111755
-2650.0095269
-2650.0040353
-2650.0178473
-2650.0893000
-2650.0805721
-2650.0419598
-2650.0398941
-2650.0433913
-2650.0476428
-2650.0538633
-2650.0623619
-2650.0964291
-2650.0364605
-2650.1229443
-2650.1231992
-2650.1224460
-2650.1206266
-2650.1204179
-2650.1279083
-2650.1251046
-2650.1125819
-2650.1144068
-2650.1120210
-2650.1099206
-2650.1109757
-2650.1182611
-2650.1366733
-2650.1409861
-2650.1415889
-2650.1042421
-2650.0915620
-2650.1135155
-2650.1212922
-2650.1093647
-2650.1008146
-2650.0869680
-2650.1224689
-2650.0753755
-2650.1119244
-2650.0557917
-2650.0878621
-2650.0967659
-2650.1005934
-2650.0962996
-2650.0892011
-2650.0628724
-2650.0219962
-2650.0063377
-2650.0168067
-2650.0223798
-2649.9917901
-2650.0191638
-2650.0271140
-2650.0143017
-2650.0144590
-2650.0233798
-2650.0495267
-2650.1046816
-2650.0945323
-2650.0857764
-2650.1029445
-2650.1044962
-2650.0946427
-2650.0894678
-2650.0910268
-2650.1314233
-2650.1327864
-2650.1165536
-2650.1204995
-2650.1577447
-2650.1296410
-2650.1241119
-2650.1226575
-2650.1272416
-2650.1315021
-2650.1263737
-2650.1234040
-2650.1291330
-2650.1298513
-2650.1273237
-2650.1224536
-2650.1279400
-2650.1367346
-2650.1349183
-2650.1239526
-2650.1316766
-2650.1348026
-2650.1390595
-2650.1129991
-2650.1204683
-2650.1264655
-2650.1246964
-2650.1236042
-2650.1216355
-2650.1188163
-2650.1275189
-2650.1474019
-2650.1756515
-2650.1311061
-2650.1364775
-2650.1058681
-2650.1020729
-2650.1055743
-2650.1043238
-2650.1005080
-2650.0945206
-2650.1215895
-2650.1239717
-2650.1246635
-2650.1321208
-2650.1464125
-2650.1542875
-2650.1125236
-2650.1102083
-2650.1082810
-2650.1073127
-2650.1138595
-2650.1165593
-2650.1126593
-2650.1077324
-2650.1192238
-2650.1102397
-2650.1137144
-2650.1308787
-2650.1415739
-2650.1455912
-2650.1443351
-2650.1529510
-2650.1226993
-2650.1233787
-2650.1248594
-2650.1219229
-2650.1298975
-2650.1277146
-2650.1262573
-2650.1358383
-2650.1425470
-2650.1384047
-2650.1191724
-2650.0965219
-2650.1046724
-2650.1213961
-2650.0946523
-2650.1027397
-2650.1339881
-2650.1170853
-2650.1444432
-2650.1452868
-2650.1515279
-2650.1655310
-2650.1086838
-2650.1063369
-2650.1301994
-2650.1165018
-2650.1173087
-2650.1355288
-2650.0978294
-2650.1029130
-2650.1370890
-2650.1362376
-2650.1511103
-2650.1630615
-2650.1365029
-2650.1372168
-2650.1267063
-2650.1285326
-2650.1108772
-2650.1077669
-2650.1313480
-2650.1189513
-2650.1243332
-2650.1333462
-2650.1296917
-2650.1225571
-2650.1280062
-2650.1383780
-2650.1409358
-2650.1288983
-2650.1322176
-2650.1360131
-2650.1326197
-2650.1362876
-2650.1281119
-2650.1282918
-2650.1314395
-2650.1344527
-2650.1338213
-2650.1299038
-2650.1259520
-2650.1225447
-2650.1199479
-2650.1327385
-2650.1485321
-2650.1595682
-2650.1629777
-2650.1663354
-2650.1716400
-2650.1147888
-2650.1090835
-2650.0981390
-2650.1019647
-2650.1077236
-2650.1360218
-2650.1515183
-2650.1478667
-2650.1403457
-2650.1388725
-2650.1503454
-2650.1275015
-2650.1220085
-2650.1343423
-2650.1375916
-2650.1380388
-2650.1325361
-2650.1259628
-2650.1278578
-2650.1310210
-2650.1422784
-2650.1391872
-2650.1421756
-2650.1488784
-2650.1727224
-2650.1323496
-2650.1295014
-2650.1331382
-2650.1334646
-2650.1323144
-2650.1306421
-2650.1257801
-2650.1318737
-2650.1306753
-2650.1359250
-2650.1364240
-2650.1369815
-2650.1507778
-2650.1551784
-2650.1634708
-2650.1737893
-2650.1130416
-2650.1097437
-2650.1168567
-2650.1192771
-2650.1181665
-2650.1202921
-2650.1258000
-2650.1333299
-2650.1385565
-2650.1189781
-2650.1232103
-2650.1344689
-2650.1188244
-2650.1268381
-2650.1184265
-2650.1163360
-2650.1171190
-2650.1212545
-2650.1237046
-2650.1417844
-2650.1476964
-2650.1557122
-2650.1291889
-2650.1291075
-2650.1289387
-2650.1277531
-2650.1262203
-2650.1209959
-2650.1170419
-2650.1172743
-2650.1261314
-2650.1305992
-2650.1324062
-2650.1421489
-2650.1505678
-2650.1587007
-2650.1583746
-2650.1226142
-2650.1209591
-2650.1168120
-2650.1217665
-2650.1282170
-2650.1261905
-2650.1253621
-2650.1262103
-2650.1267996
-2650.1268804
-2650.1208835
-2650.1177510
-2650.1319355
-2650.1294132
-2650.1291203
-2650.1195983
-2650.0801429
-2650.1149434
-2650.1133807
-2650.1062699
-2650.1078684
-2650.1013636
-2650.0971672
-2650.0953921
-2650.0982443
-2650.1285601
-2650.1343549
-2650.1288830
-2650.1402950
-2650.1285487
-2650.1030929
-2650.1133429
-2650.1132820
-2650.1117052
-2650.1152942
-2650.1187940
-2650.1509338
-2650.1096158
-2650.1131779
-2650.1160709
-2650.1187853
-2650.1175367
-2650.1191527
-2650.1226195
-2650.1251597
-2650.1311829
-2650.1329923
-2650.1506392
-2650.1760029
-2650.1803630
-2650.1094304
-2650.1195546
-2650.1214849
-2650.1211798
-2650.1353975
-2650.1412475
-2650.1429741
-2650.1426197
-2650.1482440
-2650.1632376
-2650.1648811
-2650.1187723
-2650.1198425
-2650.1264089
-2650.1483680
-2650.1505471
-2650.1256243
-2650.1102640
-2650.1192539
-2650.1132968
-2650.1143738
-2650.1315552
-2650.1305134
-2650.1448303
-2650.1498065
-2650.1626037
-2650.1359780
-2650.1366667
-2650.1352661
-2650.1344571
-2650.1341550
-2650.1325580
-2650.1370913
-2650.1558872
-2650.1181791
-2650.1216042
-2650.1140325
-2650.1134138
-2650.1142766
-2650.1183698
-2650.1209215
-2650.1297419
-2650.1211736
-2650.1001662
-2650.1012042
-2650.1029579
-2650.1059360
-2650.1637834
-2650.1214593
-2650.0965938
-2650.0956737
-2650.1045707
-2650.1195825
-2650.1191113
-2650.1228865
-2650.1103571
-2650.1088338
-2650.1266473
-2650.1482645
-2650.1235211
-2650.1325526
-2650.1371798
-2650.1379056
-2650.1273881
-2650.1199849
-2650.1165253
-2650.1182747
-2650.1151111
-2650.1163397
-2650.1482986
-2650.1529391
-2650.0944992
-2650.1230049
-2650.1151250
-2650.1109658
-2650.1151558
-2650.1116663
-2650.1155535
-2650.1270227
-2650.1429985
-2650.1138325
-2650.1196478
-2650.1218704
-2650.1207193
-2650.1220792
-2650.1200831
-2650.1249516
-2650.1311093
-2650.1345879
-2650.1417723
-2650.1510082
-2650.1584562
-2650.1662895
-2650.1717621
-2650.1233301
-2650.1303945
-2650.1307553
-2650.1136089
-2650.1192183
-2650.1267848
-2650.1428409
-2650.1385215
-2650.1398998
-2650.1514907
-2650.1539294
-2650.1520963
-2650.1550586
-2650.1583701
-2650.1003569
-2650.1135117
-2650.1248658
-2650.1171186
-2650.1074719
-2650.1464898
-2650.1258768
-2650.1220724
-2650.1141104
-2650.1100572
-2650.1218718
-2650.1109212
-2650.0957749
-2650.0821344
-2650.0916533
-2650.0986192
-2650.1079947
-2650.1099552
-2650.0919931
-2650.1276595
-2650.1036519
-2650.1063838
-2650.1045829
-2650.1007417
-2650.1207516
-2650.1194726
-2650.1031582
-2650.1102185
-2650.1126287
-2650.1208183
-2650.1245953
-2650.1266020
-2650.1313799
-2650.1335006
-2650.1327156
-2650.1315875
-2650.1308862
-2650.1222235
-2650.1233201
-2650.1070615
-2650.1046430
-2650.1028497
-2650.1017681
-2650.1101009
-2650.1034614
-2650.1243170
-2650.1554714
-2650.1609711
-2650.1457736
-2650.1279466
-2650.1266583
-2650.1214692
-2650.1253715
-2650.1413422
-2650.1435726
-2650.1466765
-2650.1513324
-2650.1515731
-2650.1526100
-2650.1091407
-2650.1147254
-2650.1154118
-2650.1377476
-2650.1580449
-2650.1308998
-2650.1310060
-2650.1300307
-2650.1296608
-2650.1321440
-2650.1315579
-2650.1273744
-2650.1255522
-2650.1254130
-2650.1258319
-2650.1199431
-2650.1167666
-2650.1249223
-2650.1322494
-2650.1328769
-2650.1346510
-2650.1431843
-2650.1370528
-2650.1411471
-2650.1547718
-2650.1540385
-2650.1471627
-2650.1456170
-2650.1458600
-2650.1046847
-2650.1110062
-2650.1193574
-2650.1124945
-2650.1095356
-2650.1016115
-2650.0930909
-2650.1087832
-2650.1092950
-2650.1146315
-2650.1213208
-2650.1138260
-2650.1107366
-2650.1106655
-2650.1239001
-2650.1452877
-2650.0935087
-2650.1039037
-2650.1183878
-2650.1184095
-2650.1202269
-2650.1194490
-2650.1309815
-2650.1342097
-2650.1248087
-2650.1312102
-2650.1303581
-2650.1297384
-2650.1298515
-2650.1660557
-2650.1670749
-2650.1103304
-2650.1067205
-2650.1052143
-2650.1013009
-2650.1317627
-2650.1312476
-2650.1374461
-2650.1406305
-2650.1433549
-2650.1425840
-2650.1469083
-2650.1563388
-2650.1630423
-2650.1170831
-2650.1146790
-2650.1141799
-2650.1306754
-2650.1341147
-2650.1354810
-2650.1339642
-2650.1260209
-2650.1047993
-2650.1033841
-2650.1063545
-2650.1097681
-2650.1183235
-2650.1203337
-2650.1308114
-2650.1220049
-2650.1198478
-2650.1330316
-2650.1427434
-2650.1296977
-2650.1181184
-2650.1268219
-2650.1333537
-2650.1324296
-2650.1322393
-2650.1383759
-2650.1352193
-2650.1448327
-2650.1377442
-2650.1377831
-2650.1570829
-2650.1598852
-2650.1279449
-2650.1353818
-2650.1352487
-2650.1266914
-2650.1237067
-2650.1231697
-2650.1287381
-2650.1199801
-2650.1071560
-2650.1191188
-2650.1172595
-2650.1510616
-2650.1578694
