-2650.0543341
-2650.0566115
-2650.0300664
-2650.0328898
-2650.0548615
-2650.0906146
-2650.0785226
-2650.0618400
-2650.0588799
-2650.0551530
-2650.0809854
-2650.0805610
-2650.0961410
-2650.0983454
-2650.0741589
-2650.0575083
-2650.1105020
-2650.1118342
-2650.1074723
-2650.0915728
-2650.0905937
-2650.0952853
-2650.0968464
-2650.0988601
-2650.1254532
-2650.1100066
-2650.1152306
-2650.1186389
-2650.1317930
-2650.1358151
-2650.1332879
-2650.1348495
-2650.1033719
-2650.0978681
-2650.0958731
-2650.0957996
-2650.0967936
-2650.0992467
-2650.0613976
-2650.0534686
-2650.1013565
-2650.0822942
-2650.0896091
-2650.0749260
-2650.1068406
-2650.1034324
-2650.0978821
-2650.1013046
-2650.1141909
-2650.0926536
-2650.0956824
-2650.1089490
-2650.1078362
-2650.1096099
-2650.1125931
-2650.1217131
-2650.0886998
-2650.0921547
-2650.0889089
-2650.0854791
-2650.0880411
-2650.0928097
-2650.0851420
-2650.1027920
-2650.1071846
-2650.1133329
-2650.1120118
-2650.1240931
-2650.0898380
-2650.0695803
-2650.0686798
-2650.0705181
-2650.0748456
-2650.0794584
-2650.0872662
-2650.0842923
-2650.0824716
-2650.0853883
-2650.0881048
-2650.1203763
-2650.1179226
-2650.1124953
-2650.1135238
-2650.1128661
-2650.1179366
-2650.1188338
-2650.1158642
-2650.1147379
-2650.1116689
-2650.1203818
-2650.1203659
-2650.1220952
-2650.1252658
-2650.1173177
-2650.1231237
-2650.1202937
-2650.1202117
-2650.1300758
-2650.1324871
-2650.1342492
-2650.1400837
-2650.0771491
-2650.0911858
-2650.0813573
-2650.0829149
-2650.0737009
-2650.0755968
-2650.0746876
-2650.0496042
-2650.0562732
-2650.0616845
-2650.0604786
-2650.0692957
-2650.0721718
-2650.0754413
-2650.1094370
-2650.0907335
-2650.0894260
-2650.0901479
-2650.0881783
-2650.0808182
-2650.0731804
-2650.0985582
-2650.0887963
-2650.0813012
-2650.0935342
-2650.0962607
-2650.0973189
-2650.0936821
-2650.0939332
-2650.0937458
-2650.0781645
-2650.0775789
-2650.0811697
-2650.0968265
-2650.0987909
-2650.1003225
-2650.1236571
-2650.1188181
-2650.1204584
-2650.0900316
-2650.0821672
-2650.0837344
-2650.0866680
-2650.1060237
-2650.1126529
-2650.1052999
-2650.0995387
-2650.0890667
-2650.0905177
-2650.0924974
-2650.0972849
-2650.0938201
-2650.0910274
-2650.0765323
-2650.0759783
-2650.0798330
-2650.0834102
-2650.0865590
-2650.1048319
-2650.1205081
-2650.1223442
-2650.1220751
-2650.1200798
-2650.1051800
-2650.0703899
-2650.0611939
-2650.0664042
-2650.0975954
-2650.1085357
-2650.1091863
-2650.1060061
-2650.1058427
-2650.1066256
-2650.0966892
-2650.0874389
-2650.1128608
-2650.0930474
-2650.0940153
-2650.1053299
-2650.1063639
-2650.0951348
-2650.0933119
-2650.0915426
-2650.0953622
-2650.1089439
-2650.1129866
-2650.1153840
-2650.1156829
-2650.1143963
-2650.1193994
-2650.1378443
-2650.1306368
-2650.1253743
-2650.1167947
-2650.1146412
-2650.1142515
-2650.1181768
-2650.1243756
-2650.1132100
-2650.0955349
-2650.0969540
-2650.0996914
-2650.0945079
-2650.0719670
-2650.0541681
-2650.0539272
-2650.0722288
-2650.0897209
-2650.0882632
-2650.0646309
-2650.0961336
-2650.0927629
-2650.0855293
-2650.0766326
-2650.0697601
-2650.0199810
-2650.0124303
-2650.0923033
-2650.0597212
-2650.0525853
-2650.0493164
-2650.0456668
-2650.0259937
-2650.0104460
-2650.0215229
-2649.9676663
-2650.0667458
-2650.0698208
-2650.0978460
-2650.0946656
-2650.0753953
-2650.1042155
-2650.1051968
-2650.0991147
-2650.1033919
-2650.1010576
-2650.1007104
-2650.1062285
-2650.1148000
-2650.1161180
-2650.0874841
-2650.0967787
-2650.0701743
-2650.0455928
-2650.0676624
-2650.0763126
-2650.1150290
-2650.1117164
-2650.0984910
-2650.0846959
-2650.0761960
-2650.0619915
-2650.0642376
-2650.0416316
-2650.0655557
-2650.0655037
-2650.0647169
-2650.0507369
-2650.0618087
-2650.0776997
-2650.0845235
-2650.0909990
-2650.0737420
-2650.0988477
-2650.1067064
-2650.1007033
-2650.0810415
-2650.0965974
-2650.0826196
-2650.0486304
-2650.0518830
-2650.0531050
-2650.0524173
-2650.0562385
-2650.0575719
-2650.0724822
-2650.0836747
-2650.0823525
-2650.0783861
-2650.0863849
-2650.0714048
-2650.0707757
-2650.0588653
-2650.0654115
-2650.0697410
-2650.0706090
-2650.0686475
-2650.0636934
-2650.0698230
-2650.0856216
-2650.0893393
-2650.0802946
-2650.1001119
-2650.1031673
-2650.0833142
-2650.0789695
-2650.0613803
-2650.1161413
-2650.1154163
-2650.1167736
-2650.1135181
-2650.1108215
-2650.1073885
-2650.0748365
-2650.0699740
-2650.0611186
-2650.0595474
-2650.0594471
-2650.0880481
-2650.0694597
-2650.0594818
-2650.0427445
-2650.0395362
-2650.0931570
-2650.1089152
-2650.0870853
-2650.1140684
-2650.1064793
-2650.0978111
-2650.1002688
-2650.0939880
-2650.0850759
-2650.0757198
-2650.0809565
-2650.0853510
-2650.0733318
-2650.0717153
-2650.0617008
-2650.0729019
-2650.0810648
-2650.0751148
-2650.0724397
-2650.0701513
-2650.0645253
-2650.0636495
-2650.0674041
-2650.0691914
-2650.0942079
-2650.1053003
-2650.0703564
-2650.0767735
-2650.1089468
-2650.0962551
-2650.0916183
-2650.1138675
-2650.0987115
-2650.0901620
-2650.0826185
-2650.0982157
-2650.1022376
-2650.1010827
-2650.0989826
-2650.0998610
-2650.1015491
-2650.1085469
-2650.1116246
-2650.1100193
-2650.1094627
-2650.1015124
-2650.0943994
-2650.0918135
-2650.0638066
-2650.0643438
-2650.0673122
-2650.0707916
-2650.0536369
-2650.0231394
-2650.0189614
-2650.0148865
-2650.0161306
-2649.9336163
-2649.9498025
-2649.9502864
-2649.9507644
-2649.9678221
-2649.9870763
-2649.9993708
-2649.9688095
-2649.9588349
-2649.9512551
-2649.9568617
-2649.9579994
-2649.9379114
-2649.9303075
-2649.9370381
-2649.9797108
-2649.9796950
-2649.9830214
-2650.0019468
-2650.0025900
-2649.9888383
-2650.0045851
-2650.0322812
-2650.0129239
-2649.9815298
-2649.9823308
-2649.9876386
-2649.9926274
-2650.0001769
-2650.0108648
-2650.0539350
-2649.9940284
-2650.1034481
-2650.1029523
-2650.1012514
-2650.0970936
-2650.0955854
-2650.0959946
-2650.0915409
-2650.0775922
-2650.0820431
-2650.0807261
-2650.0798608
-2650.0840686
-2650.0932896
-2650.1172654
-2650.1234666
-2650.1227902
-2650.0772894
-2650.0680963
-2650.0824464
-2650.0834343
-2650.0586424
-2650.0546563
-2650.0379149
-2650.0544220
-2649.9976928
-2650.0343063
-2649.9758272
-2650.0384601
-2650.0514989
-2650.0642104
-2650.0621381
-2650.0568051
-2650.0363553
-2649.9828227
-2649.9558732
-2649.9533385
-2649.9609410
-2649.9386331
-2649.9828900
-2650.0047887
-2649.9814446
-2649.9814408
-2649.9888900
-2650.0209829
-2650.0400937
-2650.0333963
-2650.0289629
-2650.0835121
-2650.0840570
-2650.0784748
-2650.0762351
-2650.0799008
-2650.1060021
-2650.1040971
-2650.0754329
-2650.0745883
-2650.1105000
-2650.1175113
-2650.1103434
-2650.1039129
-2650.1068304
-2650.1096207
-2650.1007736
-2650.0891847
-2650.0913459
-2650.0881144
-2650.0835867
-2650.0759446
-2650.0800596
-2650.0899997
-2650.0897437
-2650.0880077
-2650.1038031
-2650.1089191
-2650.1116662
-2650.1013779
-2650.0911800
-2650.0921246
-2650.0817732
-2650.0739773
-2650.0740610
-2650.0757057
-2650.0977621
-2650.1123562
-2650.1121857
-2650.1054204
-2650.1081641
-2650.0691370
-2650.0642160
-2650.0628010
-2650.0547160
-2650.0488579
-2650.0466416
-2650.0918885
-2650.1001267
-2650.1016537
-2650.1016936
-2650.1066208
-2650.1098752
-2650.0892434
-2650.0868877
-2650.0843800
-2650.0805474
-2650.0714385
-2650.0602951
-2650.0536724
-2650.0465448
-2650.0582298
-2650.0514215
-2650.0562835
-2650.0778286
-2650.0909952
-2650.0958279
-2650.0898067
-2650.0834102
-2650.0977504
-2650.0962274
-2650.0949397
-2650.0758507
-2650.0818142
-2650.0783268
-2650.0760558
-2650.0793113
-2650.0854386
-2650.0839928
-2650.0895168
-2650.0639924
-2650.0720582
-2650.0936241
-2650.0763846
-2650.0761951
-2650.1140523
-2650.1029814
-2650.1036371
-2650.1027577
-2650.1072825
-2650.1248956
-2650.0902814
-2650.0929452
-2650.0952602
-2650.0830185
-2650.0869927
-2650.1285476
-2650.0790784
-2650.0842182
-2650.1138815
-2650.1256179
-2650.1181312
-2650.1166745
-2650.1195190
-2650.1237322
-2650.1116039
-2650.1117708
-2650.0825559
-2650.0747870
-2650.0961761
-2650.0804861
-2650.0848310
-2650.0899435
-2650.0862639
-2650.0766678
-2650.0809831
-2650.0884713
-2650.0891789
-2650.0916980
-2650.0946773
-2650.0981921
-2650.0990139
-2650.1114018
-2650.0954680
-2650.0933796
-2650.0959314
-2650.0986204
-2650.0999672
-2650.0987625
-2650.0977828
-2650.0972145
-2650.0968984
-2650.1003859
-2650.1039225
-2650.1088083
-2650.1014365
-2650.0971039
-2650.0943552
-2650.0994958
-2650.0922007
-2650.0769169
-2650.0789514
-2650.0841605
-2650.1114534
-2650.1258949
-2650.1198307
-2650.1102995
-2650.1028888
-2650.1104847
-2650.1034551
-2650.0972385
-2650.1114562
-2650.1157179
-2650.1172192
-2650.1132601
-2650.1041452
-2650.1051628
-2650.1072292
-2650.1138612
-2650.1012132
-2650.0972270
-2650.0998012
-2650.1104161
-2650.1059234
-2650.1058809
-2650.1098453
-2650.1095535
-2650.1077439
-2650.1052745
-2650.0973234
-2650.0955191
-2650.0986738
-2650.1125066
-2650.1196328
-2650.1204061
-2650.1253395
-2650.1273438
-2650.1275327
-2650.1135880
-2650.0800720
-2650.0754338
-2650.0774647
-2650.0797383
-2650.0820466
-2650.0872960
-2650.0951173
-2650.1044552
-2650.1118036
-2650.0838411
-2650.0838405
-2650.0870498
-2650.1081476
-2650.1088192
-2650.0729415
-2650.0679170
-2650.0691785
-2650.0779316
-2650.0816492
-2650.1003210
-2650.1012723
-2650.0965666
-2650.1046414
-2650.1096354
-2650.1081000
-2650.1033989
-2650.0999713
-2650.0910850
-2650.0842528
-2650.0835268
-2650.1028945
-2650.1121025
-2650.1166007
-2650.1249964
-2650.1261207
-2650.0889185
-2650.0852482
-2650.1003945
-2650.0988315
-2650.0968369
-2650.1055678
-2650.1074081
-2650.0917597
-2650.0862296
-2650.0703684
-2650.0690103
-2650.0678177
-2650.0702857
-2650.0774168
-2650.1047745
-2650.1126908
-2650.0956174
-2650.0841965
-2650.0487952
-2650.0571397
-2650.0522708
-2650.0490597
-2650.0644554
-2650.0562611
-2650.0502134
-2650.0463854
-2650.0443609
-2650.0553667
-2650.0516118
-2650.0435648
-2650.0489819
-2650.0358239
-2650.0791786
-2650.0906980
-2650.0947542
-2650.0955891
-2650.0874565
-2650.0724450
-2650.1075730
-2650.0822139
-2650.0851411
-2650.0868831
-2650.0906718
-2650.0873466
-2650.0740953
-2650.0848515
-2650.0903000
-2650.1016526
-2650.1178131
-2650.1187186
-2650.1135191
-2650.1123892
-2650.0859907
-2650.0977988
-2650.0999482
-2650.0961235
-2650.1039476
-2650.1079442
-2650.1088091
-2650.1033926
-2650.1072956
-2650.1148041
-2650.1133317
-2650.1067004
-2650.0985123
-2650.1003533
-2650.0899903
-2650.0900615
-2650.0887670
-2650.0621138
-2650.0712276
-2650.0730816
-2650.0757297
-2650.0983873
-2650.0939160
-2650.0917980
-2650.0911449
-2650.0876893
-2650.1038985
-2650.1081999
-2650.1082943
-2650.1080306
-2650.1076071
-2650.1047859
-2650.0998836
-2650.1052739
-2650.0852527
-2650.0893126
-2650.0803330
-2650.0819464
-2650.0821358
-2650.0841062
-2650.0866113
-2650.0979364
-2650.1010638
-2650.0800617
-2650.0818411
-2650.0846483
-2650.0883585
-2650.1115677
-2650.0999216
-2650.0643394
-2650.0636375
-2650.0680097
-2650.0694100
-2650.0688660
-2650.0751968
-2650.0707486
-2650.0696645
-2650.0735436
-2650.0696505
-2650.1097661
-2650.1128959
-2650.1118657
-2650.1096839
-2650.0930708
-2650.0849178
-2650.0780009
-2650.0692036
-2650.0655361
-2650.0688139
-2650.1132983
-2650.1102696
-2650.0778107
-2650.1036829
-2650.0941312
-2650.0889665
-2650.0927222
-2650.0863607
-2650.0903587
-2650.1016616
-2650.1197588
-2650.0922004
-2650.0931561
-2650.0928629
-2650.0900967
-2650.0879414
-2650.0724885
-2650.0685271
-2650.0816382
-2650.0851592
-2650.0917707
-2650.0978731
-2650.0935697
-2650.0934771
-2650.0867280
-2650.0929090
-2650.0942047
-2650.0937809
-2650.0756745
-2650.0668557
-2650.0773543
-2650.1033452
-2650.1026006
-2650.1037756
-2650.1093236
-2650.1081756
-2650.0864617
-2650.0831758
-2650.0837090
-2650.0694441
-2650.0798554
-2650.0829493
-2650.0737633
-2650.0937558
-2650.1251620
-2650.0963939
-2650.1027730
-2650.0992263
-2650.0946787
-2650.0835556
-2650.0739909
-2650.0547483
-2650.0226284
-2650.0352129
-2650.0432016
-2650.0550467
-2650.0584627
-2650.0478199
-2650.0883379
-2650.0676037
-2650.0672964
-2650.0646726
-2650.0587153
-2650.0702424
-2650.0709392
-2650.0576628
-2650.0687348
-2650.0715657
-2650.0976306
-2650.0987017
-2650.0983573
-2650.0982800
-2650.1080344
-2650.1112882
-2650.1147688
-2650.1186272
-2650.0907974
-2650.0888019
-2650.0725186
-2650.0716627
-2650.0712085
-2650.0711996
-2650.0831748
-2650.0803469
-2650.1123337
-2650.1086542
-2650.1096463
-2650.1291553
-2650.1222373
-2650.1171442
-2650.1051559
-2650.1093866
-2650.0991092
-2650.1002975
-2650.1024715
-2650.1039881
-2650.1004140
-2650.0996012
-2650.0854903
-2650.0891014
-2650.0911209
-2650.1246719
-2650.1177443
-2650.1172839
-2650.0830175
-2650.0778839
-2650.1121003
-2650.1140531
-2650.1111849
-2650.1023712
-2650.0967648
-2650.0961229
-2650.0897561
-2650.0791615
-2650.0734030
-2650.0818159
-2650.0974916
-2650.1079820
-2650.1135557
-2650.1336800
-2650.1272791
-2650.1289762
-2650.1376647
-2650.1367366
-2650.1318313
-2650.1313015
-2650.1332301
-2650.0896969
-2650.0932849
-2650.0938565
-2650.0646968
-2650.0582115
-2650.0444619
-2650.0302469
-2650.0549701
-2650.0571496
-2650.0603975
-2650.0608554
-2650.0497040
-2650.0491539
-2650.0508022
-2650.0690566
-2650.0793944
-2650.0682836
-2650.0759157
-2650.0633821
-2650.0665170
-2650.0738671
-2650.0735893
-2650.0886749
-2650.0934481
-2650.1164904
-2650.1115358
-2650.1042082
-2650.1005902
-2650.0978946
-2650.1084388
-2650.1056689
-2650.0874937
-2650.0874236
-2650.0862665
-2650.0747743
-2650.0960845
-2650.0847742
-2650.0813214
-2650.0825441
-2650.0790320
-2650.0782418
-2650.0801987
-2650.0827144
-2650.0806445
-2650.0938438
-2650.0890646
-2650.0875403
-2650.1161187
-2650.1196252
-2650.1194092
-2650.1154959
-2650.1022080
-2650.0722772
-2650.0698732
-2650.0714454
-2650.0751138
-2650.0846246
-2650.0872345
-2650.0991467
-2650.0975323
-2650.0980715
-2650.1264228
-2650.1339810
-2650.1158009
-2650.1075120
-2650.1099127
-2650.1142210
-2650.1044355
-2650.0915488
-2650.0929027
-2650.0955044
-2650.1141654
-2650.1240794
-2650.1274361
-2650.1325988
-2650.1302331
-2650.0913995
-2650.1071687
-2650.1113382
-2650.1118553
-2650.1087081
-2650.1055966
-2650.1048495
-2650.0881386
-2650.0713354
-2650.0871226
-2650.0992371
-2650.1362836
-2650.1278815
