-2650.3198039
-2650.3162309
-2650.2863977
-2650.2842256
-2650.3028552
-2650.3303499
-2650.3034291
-2650.2906951
-2650.2896005
-2650.2873032
-2650.3504097
-2650.3475523
-2650.3367884
-2650.3321673
-2650.2801714
-2650.2466970
-2650.3681865
-2650.3683260
-2650.3653287
-2650.3508999
-2650.3497110
-2650.3512410
-2650.3487024
-2650.3457486
-2650.3546370
-2650.3339871
-2650.3380976
-2650.3404695
-2650.3377572
-2650.3332624
-2650.3153055
-2650.3051893
-2650.3607498
-2650.3499630
-2650.3453945
-2650.3443856
-2650.3447816
-2650.3468866
-2650.2864542
-2650.2713846
-2650.3093179
-2650.2883601
-2650.2972124
-2650.2867786
-2650.3598065
-2650.3552052
-2650.3465407
-2650.3440607
-2650.3540318
-2650.3288519
-2650.3283605
-2650.3283931
-2650.3252515
-2650.3248344
-2650.3281064
-2650.3361947
-2650.3638276
-2650.3669335
-2650.3632328
-2650.3574595
-2650.3589389
-2650.3594887
-2650.3350541
-2650.3121221
-2650.3121417
-2650.3073526
-2650.3048806
-2650.3141321
-2650.3612720
-2650.3200475
-2650.3186252
-2650.3207716
-2650.3269217
-2650.3256250
-2650.3110702
-2650.3095092
-2650.3109547
-2650.3172622
-2650.3217804
-2650.3648914
-2650.3628147
-2650.3580887
-2650.3562977
-2650.3548200
-2650.3566418
-2650.3569704
-2650.3517149
-2650.3500069
-2650.3404302
-2650.3441772
-2650.3423366
-2650.3411582
-2650.3429952
-2650.3288643
-2650.3307058
-2650.3249483
-2650.3236558
-2650.3175379
-2650.3066010
-2650.3055911
-2650.2999730
-2650.3458868
-2650.3468075
-2650.3347620
-2650.3359323
-2650.3375806
-2650.3377610
-2650.3215442
-2650.3023286
-2650.2913879
-2650.2917459
-2650.2739720
-2650.2822394
-2650.2862489
-2650.2924006
-2650.3306637
-2650.3586721
-2650.3568698
-2650.3544897
-2650.3517492
-2650.3398211
-2650.3325395
-2650.3465007
-2650.3046404
-2650.2878636
-2650.3664687
-2650.3678733
-2650.3651151
-2650.3505668
-2650.3491544
-2650.3426467
-2650.3155369
-2650.3117185
-2650.3119735
-2650.3174888
-2650.3127976
-2650.3015122
-2650.3179916
-2650.3136380
-2650.3159856
-2650.3444199
-2650.3279406
-2650.3285205
-2650.3305538
-2650.3348732
-2650.3359378
-2650.3285916
-2650.3237075
-2650.3155568
-2650.3041736
-2650.3630333
-2650.3681349
-2650.3644368
-2650.3590829
-2650.3367054
-2650.3363111
-2650.3389665
-2650.3408451
-2650.3420610
-2650.3350809
-2650.3372348
-2650.3344411
-2650.3269755
-2650.3210859
-2650.3475668
-2650.3073683
-2650.2970624
-2650.2970288
-2650.3157125
-2650.3232440
-2650.3281731
-2650.3295835
-2650.3319221
-2650.3352496
-2650.3359616
-2650.3272597
-2650.3234381
-2650.3516557
-2650.3520565
-2650.3628338
-2650.3643776
-2650.3515101
-2650.3322969
-2650.3283142
-2650.3265812
-2650.3348495
-2650.3369083
-2650.3371496
-2650.3350881
-2650.3312100
-2650.3269261
-2650.3336789
-2650.3227131
-2650.3159333
-2650.3039613
-2650.2998886
-2650.2974158
-2650.2967006
-2650.2977528
-2650.3632449
-2650.3447293
-2650.3472014
-2650.3496598
-2650.3441070
-2650.3257144
-2650.3214532
-2650.3209342
-2650.3248446
-2650.3358387
-2650.3320431
-2650.2976072
-2650.3122294
-2650.3079623
-2650.2999497
-2650.2902319
-2650.2780608
-2650.1982122
-2650.2016384
-2650.3240369
-2650.3148081
-2650.3139826
-2650.3107161
-2650.3048521
-2650.2654161
-2650.2397273
-2650.2383164
-2650.1903919
-2650.2934245
-2650.2960330
-2650.3249709
-2650.3225740
-2650.3031857
-2650.3590417
-2650.3580224
-2650.3463123
-2650.3384434
-2650.3342011
-2650.3330772
-2650.3348027
-2650.3363238
-2650.3252396
-2650.3605934
-2650.3697698
-2650.3415777
-2650.2798252
-2650.2945915
-2650.2892373
-2650.3221792
-2650.3210469
-2650.3142437
-2650.3067104
-2650.3441292
-2650.3251325
-2650.3298387
-2650.2995824
-2650.2898846
-2650.2826611
-2650.2755542
-2650.2454680
-2650.2506618
-2650.2638405
-2650.2696200
-2650.2726109
-2650.2542862
-2650.2772538
-2650.2851245
-2650.2802931
-2650.2638475
-2650.3702892
-2650.3396865
-2650.3049876
-2650.3074756
-2650.3074197
-2650.3059564
-2650.3056494
-2650.3057590
-2650.3101237
-2650.3109188
-2650.2990454
-2650.3433252
-2650.3552718
-2650.3313319
-2650.3302484
-2650.3094449
-2650.3137822
-2650.3158800
-2650.3120108
-2650.3075701
-2650.2959714
-2650.2970543
-2650.3070819
-2650.3083038
-2650.3477525
-2650.3653759
-2650.3638584
-2650.3395827
-2650.3335183
-2650.3268558
-2650.3432998
-2650.3434193
-2650.3375375
-2650.3326177
-2650.3250310
-2650.3701372
-2650.3378119
-2650.3320814
-2650.3116507
-2650.3082035
-2650.3054226
-2650.3276989
-2650.3059231
-2650.2953365
-2650.2749964
-2650.2699774
-2650.3578250
-2650.3674099
-2650.3327533
-2650.3439971
-2650.3371703
-2650.3680247
-2650.3710430
-2650.3656163
-2650.3568144
-2650.3472483
-2650.3498365
-2650.3437895
-2650.3186090
-2650.3167678
-2650.3051258
-2650.3132946
-2650.3181549
-2650.3075797
-2650.2913277
-2650.2856157
-2650.2754052
-2650.2511334
-2650.2390040
-2650.2259974
-2650.3510687
-2650.3628637
-2650.3238236
-2650.3255513
-2650.3479838
-2650.3139758
-2650.3053951
-2650.3122332
-2650.2908212
-2650.2791590
-2650.2687646
-2650.2753302
-2650.3704937
-2650.3678236
-2650.3608237
-2650.3600228
-2650.3600184
-2650.3617194
-2650.3610254
-2650.3543919
-2650.3399224
-2650.3309242
-2650.3233176
-2650.3201342
-2650.3376586
-2650.3374131
-2650.3388582
-2650.3408091
-2650.3070115
-2650.2543552
-2650.2458183
-2650.2346472
-2650.2255298
-2650.0871821
-2650.1573010
-2650.1617494
-2650.1650868
-2650.1903162
-2650.2102905
-2650.2097022
-2650.1676126
-2650.1500865
-2650.1333981
-2650.1202548
-2650.1251272
-2650.1174128
-2650.1164641
-2650.1284615
-2650.1734526
-2650.1667799
-2650.1645922
-2650.1619623
-2650.1617713
-2650.1482961
-2650.1479045
-2650.2113845
-2650.1899353
-2650.1640271
-2650.1641850
-2650.1698513
-2650.1743400
-2650.1803252
-2650.1881085
-2650.1988167
-2650.1367147
-2650.3567849
-2650.3547280
-2650.3515068
-2650.3445241
-2650.3417070
-2650.3338050
-2650.3260216
-2650.3030702
-2650.2972455
-2650.2935270
-2650.2901472
-2650.2863036
-2650.2897297
-2650.3010596
-2650.2981168
-2650.2949939
-2650.3366474
-2650.3267636
-2650.3408531
-2650.3413291
-2650.2928889
-2650.2749077
-2650.2325315
-2650.2283733
-2650.1670317
-2650.1906162
-2650.1449679
-2650.2915663
-2650.3065698
-2650.3173944
-2650.3135168
-2650.3053545
-2650.2719627
-2650.1837680
-2650.1527769
-2650.1523749
-2650.1606940
-2650.1748427
-2650.2153754
-2650.2304160
-2650.1896289
-2650.1824122
-2650.1946402
-2650.2368137
-2650.2215384
-2650.2044291
-2650.1941018
-2650.3600707
-2650.3594055
-2650.3490758
-2650.3439979
-2650.3435014
-2650.3679393
-2650.3635347
-2650.3271789
-2650.3238432
-2650.3385415
-2650.3672036
-2650.3594623
-2650.3544501
-2650.3579304
-2650.3611790
-2650.3528422
-2650.3402378
-2650.3414003
-2650.3365943
-2650.3310081
-2650.3204542
-2650.3207862
-2650.3216143
-2650.3170544
-2650.2933395
-2650.2916411
-2650.2767506
-2650.2562958
-2650.3707732
-2650.3630739
-2650.3596042
-2650.3446688
-2650.3333181
-2650.3351612
-2650.3350274
-2650.3442739
-2650.3543790
-2650.3556763
-2650.3655404
-2650.3679437
-2650.3197670
-2650.3128669
-2650.3108188
-2650.3028913
-2650.2974076
-2650.2893152
-2650.3153720
-2650.3179914
-2650.3172581
-2650.3188086
-2650.3257555
-2650.3297215
-2650.3532918
-2650.3483895
-2650.3437690
-2650.3372229
-2650.3290995
-2650.3199889
-2650.3133084
-2650.3057412
-2650.3064049
-2650.2859638
-2650.2875460
-2650.2989358
-2650.3055413
-2650.3073722
-2650.2922770
-2650.2804622
-2650.3384920
-2650.3336922
-2650.3306198
-2650.2959238
-2650.2930401
-2650.2794656
-2650.2741808
-2650.2630808
-2650.2641380
-2650.2419506
-2650.3616764
-2650.3349472
-2650.3406048
-2650.3561076
-2650.3278011
-2650.3323962
-2650.3555378
-2650.3356661
-2650.3274692
-2650.3244466
-2650.3203778
-2650.3227208
-2650.3617347
-2650.3506041
-2650.3477982
-2650.3078020
-2650.3022032
-2650.2838538
-2650.3585956
-2650.3625528
-2650.3320822
-2650.3323864
-2650.3238215
-2650.3233344
-2650.3620957
-2650.3610762
-2650.3398585
-2650.3385233
-2650.2988076
-2650.2833760
-2650.2972770
-2650.2775557
-2650.2810987
-2650.2788788
-2650.2733311
-2650.2539735
-2650.2579500
-2650.2654428
-2650.2664984
-2650.3601362
-2650.3635536
-2650.3671548
-2650.3630487
-2650.3644914
-2650.3443787
-2650.3401464
-2650.3412186
-2650.3420676
-2650.3357192
-2650.3315146
-2650.3275938
-2650.3244431
-2650.3223287
-2650.3291055
-2650.3360690
-2650.3372496
-2650.3245841
-2650.3222818
-2650.3217767
-2650.3620782
-2650.3529568
-2650.3306144
-2650.3269813
-2650.3291338
-2650.3464120
-2650.3535661
-2650.3401672
-2650.3271878
-2650.3137336
-2650.3187661
-2650.3683241
-2650.3597227
-2650.3660375
-2650.3678778
-2650.3668977
-2650.3580209
-2650.3395140
-2650.3378730
-2650.3373360
-2650.3362283
-2650.3133414
-2650.3053590
-2650.3063922
-2650.3058728
-2650.3681214
-2650.3667473
-2650.3700369
-2650.3692723
-2650.3672895
-2650.3646862
-2650.3563834
-2650.3524570
-2650.3440253
-2650.3496430
-2650.3491308
-2650.3482259
-2650.3496939
-2650.3510182
-2650.3485674
-2650.3275602
-2650.3486693
-2650.3471509
-2650.3450036
-2650.3425217
-2650.3392920
-2650.3393727
-2650.3425746
-2650.3475693
-2650.3501767
-2650.2712121
-2650.2695037
-2650.2692751
-2650.3687918
-2650.3677595
-2650.3318252
-2650.3243882
-2650.3130281
-2650.3124121
-2650.3140268
-2650.3215897
-2650.3230253
-2650.3135581
-2650.3657104
-2650.3556025
-2650.3529316
-2650.3465308
-2650.3423792
-2650.3320581
-2650.3236447
-2650.3220274
-2650.3257611
-2650.3317477
-2650.3348502
-2650.3458764
-2650.3504170
-2650.3244785
-2650.3193522
-2650.3684704
-2650.3668561
-2650.3626728
-2650.3646489
-2650.3650833
-2650.3499476
-2650.3445516
-2650.3339427
-2650.3316058
-2650.3292374
-2650.3182770
-2650.3163978
-2650.3258125
-2650.3272596
-2650.3611830
-2650.3497605
-2650.2983369
-2650.3127586
-2650.3086886
-2650.2903004
-2650.2745877
-2650.2640292
-2650.2556074
-2650.2495176
-2650.2437025
-2650.2483923
-2650.2411098
-2650.2313697
-2650.2244890
-2650.2031210
-2650.3601153
-2650.3684408
-2650.3658287
-2650.3633199
-2650.3489155
-2650.3305234
-2650.3405199
-2650.3629623
-2650.3655691
-2650.3661646
-2650.3658308
-2650.3461141
-2650.3379339
-2650.3401051
-2650.3424088
-2650.3430184
-2650.3453266
-2650.3464199
-2650.3396091
-2650.3374849
-2650.3583603
-2650.3692713
-2650.3696499
-2650.3601280
-2650.3493968
-2650.3455730
-2650.3421803
-2650.3134641
-2650.3128587
-2650.3079244
-2650.3025994
-2650.3592456
-2650.3458546
-2650.3385632
-2650.3196782
-2650.3159245
-2650.3542053
-2650.3205180
-2650.3265465
-2650.3154045
-2650.3159532
-2650.3237613
-2650.3172287
-2650.3165398
-2650.3171782
-2650.3162022
-2650.3718618
-2650.3722605
-2650.3696946
-2650.3670118
-2650.3644948
-2650.3574921
-2650.3322483
-2650.2975215
-2650.3471865
-2650.3530027
-2650.3556767
-2650.3554178
-2650.3500701
-2650.3465188
-2650.3464442
-2650.3476355
-2650.3193145
-2650.2663861
-2650.2656161
-2650.2660244
-2650.2676160
-2650.2821100
-2650.3619100
-2650.3287444
-2650.3252176
-2650.3286066
-2650.3281377
-2650.3173228
-2650.3147163
-2650.2875877
-2650.2830252
-2650.2758631
-2650.2673149
-2650.3664985
-2650.3684153
-2650.3678736
-2650.3658777
-2650.3494090
-2650.3403925
-2650.3322878
-2650.3294122
-2650.3127565
-2650.3119951
-2650.3377438
-2650.3388062
-2650.3470384
-2650.3722054
-2650.3597153
-2650.3504236
-2650.3518594
-2650.3219089
-2650.3163851
-2650.3217869
-2650.3025000
-2650.3636739
-2650.3691560
-2650.3658890
-2650.3587811
-2650.3482971
-2650.3288673
-2650.3267878
-2650.3210108
-2650.3218384
-2650.3227751
-2650.3201713
-2650.3144513
-2650.3143463
-2650.2945627
-2650.3584738
-2650.3615818
-2650.3615894
-2650.3437185
-2650.3259623
-2650.3258449
-2650.3354316
-2650.3249731
-2650.3235403
-2650.3240463
-2650.3219736
-2650.2957353
-2650.2892419
-2650.2879148
-2650.3418624
-2650.3514175
-2650.3495371
-2650.3329158
-2650.3129491
-2650.3375053
-2650.2810687
-2650.3674752
-2650.3605210
-2650.3539315
-2650.3457970
-2650.3338488
-2650.3097918
-2650.2801755
-2650.2851025
-2650.2914177
-2650.2996862
-2650.3010795
-2650.2791341
-2650.3116811
-2650.2795387
-2650.2677836
-2650.2620549
-2650.2492642
-2650.2251306
-2650.2274838
-2650.2159492
-2650.2235130
-2650.2253688
-2650.3528172
-2650.3555815
-2650.3565146
-2650.3566367
-2650.3569701
-2650.3564520
-2650.3557726
-2650.3458912
-2650.3199108
-2650.3182349
-2650.2930958
-2650.2905139
-2650.2886056
-2650.2874281
-2650.2956753
-2650.2909750
-2650.3233628
-2650.3382057
-2650.3390238
-2650.3140410
-2650.2864549
-2650.2790283
-2650.3674662
-2650.3676735
-2650.3048793
-2650.3028038
-2650.3014381
-2650.2899615
-2650.2792893
-2650.2768589
-2650.3535434
-2650.3559993
-2650.3223644
-2650.3325829
-2650.3315668
-2650.3697862
-2650.3322088
-2650.3257927
-2650.3739355
-2650.3764347
-2650.3745307
-2650.3670874
-2650.3606050
-2650.3589759
-2650.3547184
-2650.3442427
-2650.3381712
-2650.3455686
-2650.3450636
-2650.3451137
-2650.3474413
-2650.3546730
-2650.3410110
-2650.3363469
-2650.3300437
-2650.3243006
-2650.3029447
-2650.2967965
-2650.2881632
-2650.3627692
-2650.3661533
-2650.3674283
-2650.3278691
-2650.3198398
-2650.3029990
-2650.2839546
-2650.2761269
-2650.2732425
-2650.2618419
-2650.2543004
-2650.2283658
-2650.2220372
-2650.2209753
-2650.2307268
-2650.2373896
-2650.3381180
-2650.3403633
-2650.3218050
-2650.3029400
-2650.2817077
-2650.2715769
-2650.2648712
-2650.2635526
-2650.3538665
-2650.3360300
-2650.3247944
-2650.3190410
-2650.3141443
-2650.2782652
-2650.2743796
-2650.3572174
-2650.3567476
-2650.3567640
-2650.3439265
-2650.3550957
-2650.3351133
-2650.3230550
-2650.3220810
-2650.2967797
-2650.2915356
-2650.2861682
-2650.2850129
-2650.2806949
-2650.3578568
-2650.3535264
-2650.3516201
-2650.3677032
-2650.3679509
-2650.3651995
-2650.3594208
-2650.3437063
-2650.2913483
-2650.2877170
-2650.2874778
-2650.2902305
-2650.2975626
-2650.2991223
-2650.2978115
-2650.2812263
-2650.2784048
-2650.2959532
-2650.3058669
-2650.2820755
-2650.3620305
-2650.3655499
-2650.3700186
-2650.3585373
-2650.3385542
-2650.3328455
-2650.3191532
-2650.3269946
-2650.3188240
-2650.3173288
-2650.3078507
-2650.3045495
-2650.3569446
-2650.3653572
-2650.3657462
-2650.3568262
-2650.3496624
-2650.3436728
-2650.3393968
-2650.3138755
-2650.2930808
-2650.2883709
-2650.2833651
-2650.3137323
-2650.3082924
