-2650.0820076
-2650.1202663
-2650.0959236
-2650.0945950
-2650.1128946
-2650.1392128
-2650.1149459
-2650.1385912
-2650.1422335
-2650.1445321
-2650.1275720
-2650.1374402
-2650.1768943
-2650.1780707
-2650.1618133
-2650.1708598
-2650.1407341
-2650.1406441
-2650.1387011
-2650.1282912
-2650.1288330
-2650.1340749
-2650.1329612
-2650.1328631
-2650.1583031
-2650.1458518
-2650.1564873
-2650.1658738
-2650.1775645
-2650.1764850
-2650.1653571
-2650.1622326
-2650.1366109
-2650.1284014
-2650.1257260
-2650.1253267
-2650.1261665
-2650.1287619
-2650.1173924
-2650.1186959
-2650.1534975
-2650.1349476
-2650.1541156
-2650.1505090
-2650.1429573
-2650.1390053
-2650.1319724
-2650.1318559
-2650.1477712
-2650.1330861
-2650.1337354
-2650.1385385
-2650.1380154
-2650.1463338
-2650.1514500
-2650.1753994
-2650.1280328
-2650.1313882
-2650.1286039
-2650.1279966
-2650.1316309
-2650.1386717
-2650.1345086
-2650.1279535
-2650.1304311
-2650.1355472
-2650.1401698
-2650.1696795
-2650.1341003
-2650.1019103
-2650.1019152
-2650.1075571
-2650.1190810
-2650.1237312
-2650.1337893
-2650.1353075
-2650.1429543
-2650.1589169
-2650.1745851
-2650.1450271
-2650.1427090
-2650.1377040
-2650.1422909
-2650.1420021
-2650.1489711
-2650.1502215
-2650.1483688
-2650.1474149
-2650.1430325
-2650.1494163
-2650.1487360
-2650.1502698
-2650.1539919
-2650.1557686
-2650.1632204
-2650.1612200
-2650.1611102
-2650.1641847
-2650.1601431
-2650.1606344
-2650.1613273
-2650.1179965
-2650.1288799
-2650.1252934
-2650.1295445
-2650.1342519
-2650.1374022
-2650.1292137
-2650.1143372
-2650.1097355
-2650.1147760
-2650.1127838
-2650.1216516
-2650.1290121
-2650.1369062
-2650.1852508
-2650.1307762
-2650.1273148
-2650.1248439
-2650.1246034
-2650.1249200
-2650.1276060
-2650.1589752
-2650.1708297
-2650.1647024
-2650.1360160
-2650.1388610
-2650.1394435
-2650.1402917
-2650.1422192
-2650.1452722
-2650.1268151
-2650.1241399
-2650.1251605
-2650.1323675
-2650.1301250
-2650.1269503
-2650.1571927
-2650.1640108
-2650.1790378
-2650.1454464
-2650.1300215
-2650.1305706
-2650.1324458
-2650.1359321
-2650.1441972
-2650.1426777
-2650.1410787
-2650.1403063
-2650.1820342
-2650.1359039
-2650.1498188
-2650.1484080
-2650.1452962
-2650.1318438
-2650.1325879
-2650.1368961
-2650.1393332
-2650.1409532
-2650.1379220
-2650.1467689
-2650.1467190
-2650.1448435
-2650.1447329
-2650.1408165
-2650.1035686
-2650.1006572
-2650.1059036
-2650.1283656
-2650.1370906
-2650.1441064
-2650.1475298
-2650.1509157
-2650.1552902
-2650.1635690
-2650.1588567
-2650.1801780
-2650.1264277
-2650.1263490
-2650.1337420
-2650.1348426
-2650.1323536
-2650.1321105
-2650.1306372
-2650.1352573
-2650.1482369
-2650.1515406
-2650.1528826
-2650.1517992
-2650.1488127
-2650.1474335
-2650.1636741
-2650.1607234
-2650.1584767
-2650.1555202
-2650.1556756
-2650.1571451
-2650.1634093
-2650.1704205
-2650.1532635
-2650.1342453
-2650.1375172
-2650.1407448
-2650.1365606
-2650.1173440
-2650.1229509
-2650.1233411
-2650.1280360
-2650.1410531
-2650.1381119
-2650.1119038
-2650.1461063
-2650.1462171
-2650.1431405
-2650.1388970
-2650.1528390
-2650.1464304
-2650.1387360
-2650.1342746
-2650.1225836
-2650.1239808
-2650.1238039
-2650.1216176
-2650.1044849
-2650.1084801
-2650.1248042
-2650.1101140
-2650.1015102
-2650.1091517
-2650.1546622
-2650.1639131
-2650.1564282
-2650.1350934
-2650.1346961
-2650.1297201
-2650.1446612
-2650.1486702
-2650.1524574
-2650.1736703
-2650.1816665
-2650.1855147
-2650.1282330
-2650.1387469
-2650.1223675
-2650.0951543
-2650.1113923
-2650.1083750
-2650.1566841
-2650.1575392
-2650.1572795
-2650.1586695
-2650.1197644
-2650.1165443
-2650.1266391
-2650.1092297
-2650.1180359
-2650.1144844
-2650.1112788
-2650.1070823
-2650.1202078
-2650.1344576
-2650.1393004
-2650.1377683
-2650.1160355
-2650.1373006
-2650.1475755
-2650.1450670
-2650.1378317
-2650.1374421
-2650.1322497
-2650.1248104
-2650.1300450
-2650.1320434
-2650.1314402
-2650.1350677
-2650.1360122
-2650.1449997
-2650.1505923
-2650.1573425
-2650.1107453
-2650.1385684
-2650.1272667
-2650.1415534
-2650.1415195
-2650.1476964
-2650.1516716
-2650.1518882
-2650.1497430
-2650.1463042
-2650.1570947
-2650.1774214
-2650.1822584
-2650.1134410
-2650.1333887
-2650.1370192
-2650.1199439
-2650.1164261
-2650.1252750
-2650.1579651
-2650.1623851
-2650.1800573
-2650.1789510
-2650.1830530
-2650.1357684
-2650.1229947
-2650.1201170
-2650.1238762
-2650.1205482
-2650.1179871
-2650.1698192
-2650.1654399
-2650.1594434
-2650.1532844
-2650.1531062
-2650.1222973
-2650.1378231
-2650.1188405
-2650.1543988
-2650.1632588
-2650.1315058
-2650.1367749
-2650.1371151
-2650.1315278
-2650.1251353
-2650.1373399
-2650.1366944
-2650.1191837
-2650.1211319
-2650.1234003
-2650.1329268
-2650.1390781
-2650.1312924
-2650.1554491
-2650.1648279
-2650.1660983
-2650.1745511
-2650.1748450
-2650.1730745
-2650.1348272
-2650.1484398
-2650.1169591
-2650.1234353
-2650.1476260
-2650.1173078
-2650.1099676
-2650.1399525
-2650.1289463
-2650.1229458
-2650.1180794
-2650.1566684
-2650.1430918
-2650.1415468
-2650.1393831
-2650.1405474
-2650.1426413
-2650.1515233
-2650.1565826
-2650.1603318
-2650.1869092
-2650.1878960
-2650.1901939
-2650.1919241
-2650.0985747
-2650.0988369
-2650.1006137
-2650.1026569
-2650.1130132
-2650.1011310
-2650.0974831
-2650.0955995
-2650.1074519
-2650.0579405
-2650.0541863
-2650.0490680
-2650.0429376
-2650.0512013
-2650.0738967
-2650.0817870
-2650.0549708
-2650.0462084
-2650.0385616
-2650.0452158
-2650.0503610
-2650.0436408
-2650.0434741
-2650.0561739
-2650.1040779
-2650.1328197
-2650.1432566
-2650.1360147
-2650.1304675
-2650.1133420
-2650.1410312
-2650.1744966
-2650.1749231
-2650.1060940
-2650.1037968
-2650.1098480
-2650.1169732
-2650.1270969
-2650.1403726
-2650.1964235
-2650.0910273
-2650.1377863
-2650.1380674
-2650.1374050
-2650.1359355
-2650.1359323
-2650.1426056
-2650.1389920
-2650.1261883
-2650.1279969
-2650.1254290
-2650.1231463
-2650.1229541
-2650.1291724
-2650.1456533
-2650.1491032
-2650.1492470
-2650.1100935
-2650.1014535
-2650.1255625
-2650.1334528
-2650.1314085
-2650.1279770
-2650.1189764
-2650.1627457
-2650.1277234
-2650.1297355
-2650.0758599
-2650.1056022
-2650.1170235
-2650.1234364
-2650.1193422
-2650.1128888
-2650.0980391
-2650.0740781
-2650.0546245
-2650.0617976
-2650.0684492
-2650.0362921
-2650.0623089
-2650.0708315
-2650.0376275
-2650.0293033
-2650.0394952
-2650.0848263
-2650.1475968
-2650.1285858
-2650.1152624
-2650.1152675
-2650.1113146
-2650.1038632
-2650.1013894
-2650.1129531
-2650.1598016
-2650.1611402
-2650.1435982
-2650.1467739
-2650.1808965
-2650.1472028
-2650.1381689
-2650.1323123
-2650.1358693
-2650.1394565
-2650.1355907
-2650.1360972
-2650.1415946
-2650.1421333
-2650.1394777
-2650.1341217
-2650.1387274
-2650.1456046
-2650.1431220
-2650.1299212
-2650.1368866
-2650.1396991
-2650.1428088
-2650.1325743
-2650.1317966
-2650.1377003
-2650.1363262
-2650.1391308
-2650.1385020
-2650.1362574
-2650.1469969
-2650.1680064
-2650.1889799
-2650.1381917
-2650.1414447
-2650.1176020
-2650.1181466
-2650.1226385
-2650.1222703
-2650.1186068
-2650.1128693
-2650.1391749
-2650.1437815
-2650.1488521
-2650.1549171
-2650.1669379
-2650.1736064
-2650.1303147
-2650.1283500
-2650.1268770
-2650.1271240
-2650.1367609
-2650.1396008
-2650.1353946
-2650.1300935
-2650.1391999
-2650.1264420
-2650.1294345
-2650.1456200
-2650.1559252
-2650.1597686
-2650.1571490
-2650.1637384
-2650.1353100
-2650.1354505
-2650.1350546
-2650.1249678
-2650.1339975
-2650.1325202
-2650.1312390
-2650.1415979
-2650.1485323
-2650.1446982
-2650.1344776
-2650.1112218
-2650.1192774
-2650.1367628
-2650.1147846
-2650.1206309
-2650.1467212
-2650.1335929
-2650.1592793
-2650.1593133
-2650.1635988
-2650.1759193
-2650.1304607
-2650.1265385
-2650.1357511
-2650.1285318
-2650.1275840
-2650.1425249
-2650.1213570
-2650.1260169
-2650.1413220
-2650.1507740
-2650.1647816
-2650.1735964
-2650.1593003
-2650.1587037
-2650.1390867
-2650.1383083
-2650.1151077
-2650.1114345
-2650.1331170
-2650.1211099
-2650.1268102
-2650.1370636
-2650.1335441
-2650.1276462
-2650.1334171
-2650.1445809
-2650.1475798
-2650.1501658
-2650.1531084
-2650.1561424
-2650.1526329
-2650.1553183
-2650.1382898
-2650.1363925
-2650.1384025
-2650.1399666
-2650.1364824
-2650.1350658
-2650.1342172
-2650.1342506
-2650.1353667
-2650.1590963
-2650.1736560
-2650.1830437
-2650.1834255
-2650.1856691
-2650.1898422
-2650.1383227
-2650.1321814
-2650.1191948
-2650.1211921
-2650.1259664
-2650.1514152
-2650.1653147
-2650.1603086
-2650.1521677
-2650.1495118
-2650.1604011
-2650.1425717
-2650.1366163
-2650.1514048
-2650.1558343
-2650.1575797
-2650.1544723
-2650.1475477
-2650.1489921
-2650.1517107
-2650.1617040
-2650.1568195
-2650.1586194
-2650.1646121
-2650.1849453
-2650.1355131
-2650.1346719
-2650.1388426
-2650.1393613
-2650.1381708
-2650.1365081
-2650.1343075
-2650.1419588
-2650.1399151
-2650.1467660
-2650.1507823
-2650.1522953
-2650.1657772
-2650.1696445
-2650.1759081
-2650.1812646
-2650.1320909
-2650.1307011
-2650.1250312
-2650.1246696
-2650.1240479
-2650.1267718
-2650.1323473
-2650.1399630
-2650.1463508
-2650.1282290
-2650.1317512
-2650.1418041
-2650.1367961
-2650.1382613
-2650.1325367
-2650.1303763
-2650.1303149
-2650.1347381
-2650.1374672
-2650.1601326
-2650.1661887
-2650.1715950
-2650.1501474
-2650.1487049
-2650.1475901
-2650.1449652
-2650.1429528
-2650.1370345
-2650.1326588
-2650.1327582
-2650.1389274
-2650.1450380
-2650.1485330
-2650.1633005
-2650.1697900
-2650.1686253
-2650.1677695
-2650.1448332
-2650.1428205
-2650.1383013
-2650.1417298
-2650.1452363
-2650.1418506
-2650.1408364
-2650.1416632
-2650.1422769
-2650.1423653
-2650.1362413
-2650.1329451
-2650.1394855
-2650.1477176
-2650.1355116
-2650.1277901
-2650.0988443
-2650.1314477
-2650.1295524
-2650.1207401
-2650.1213638
-2650.1146893
-2650.1102501
-2650.1081290
-2650.1099937
-2650.1383482
-2650.1457224
-2650.1411409
-2650.1565362
-2650.1439577
-2650.1066678
-2650.1168462
-2650.1183571
-2650.1194766
-2650.1286248
-2650.1370856
-2650.1710943
-2650.1200630
-2650.1230650
-2650.1251616
-2650.1273394
-2650.1295377
-2650.1321872
-2650.1363098
-2650.1390983
-2650.1403261
-2650.1505587
-2650.1689245
-2650.1858695
-2650.1889729
-2650.1269236
-2650.1404441
-2650.1450917
-2650.1438733
-2650.1547914
-2650.1596203
-2650.1608717
-2650.1584164
-2650.1636525
-2650.1773119
-2650.1784398
-2650.1342377
-2650.1400340
-2650.1462810
-2650.1641627
-2650.1655331
-2650.1385503
-2650.1218354
-2650.1302056
-2650.1227340
-2650.1238096
-2650.1443846
-2650.1443058
-2650.1592361
-2650.1641766
-2650.1769224
-2650.1377729
-2650.1420249
-2650.1425494
-2650.1432076
-2650.1445864
-2650.1479461
-2650.1506337
-2650.1657269
-2650.1380554
-2650.1427496
-2650.1397683
-2650.1392228
-2650.1395443
-2650.1432073
-2650.1456434
-2650.1539704
-2650.1389090
-2650.1032847
-2650.1050284
-2650.1085562
-2650.1137275
-2650.1760759
-2650.1300690
-2650.1204249
-2650.1225827
-2650.1341637
-2650.1492615
-2650.1486838
-2650.1528840
-2650.1426215
-2650.1414408
-2650.1570992
-2650.1720819
-2650.1407198
-2650.1424515
-2650.1427108
-2650.1412863
-2650.1333031
-2650.1301322
-2650.1306927
-2650.1329483
-2650.1305129
-2650.1313383
-2650.1606677
-2650.1646807
-2650.1135368
-2650.1472268
-2650.1399975
-2650.1364598
-2650.1408729
-2650.1364398
-2650.1391615
-2650.1493232
-2650.1561496
-2650.1203186
-2650.1315012
-2650.1392685
-2650.1408254
-2650.1449928
-2650.1474228
-2650.1540568
-2650.1590873
-2650.1617925
-2650.1669368
-2650.1723426
-2650.1763034
-2650.1825478
-2650.1841580
-2650.1320747
-2650.1401824
-2650.1423237
-2650.1339735
-2650.1323367
-2650.1368459
-2650.1522423
-2650.1485594
-2650.1501567
-2650.1621222
-2650.1645817
-2650.1626531
-2650.1656411
-2650.1689733
-2650.1169826
-2650.1286760
-2650.1345548
-2650.1239484
-2650.1199585
-2650.1612815
-2650.1351504
-2650.1461869
-2650.1376268
-2650.1305905
-2650.1357491
-2650.1268078
-2650.1131172
-2650.1002356
-2650.1095251
-2650.1163863
-2650.1255678
-2650.1275034
-2650.1113666
-2650.1514346
-2650.1380306
-2650.1514298
-2650.1514686
-2650.1510630
-2650.1897250
-2650.1834346
-2650.1550673
-2650.1465769
-2650.1469941
-2650.1395778
-2650.1428906
-2650.1445540
-2650.1493556
-2650.1544124
-2650.1548096
-2650.1549472
-2650.1474858
-2650.1243055
-2650.1238005
-2650.1091711
-2650.1082508
-2650.1077497
-2650.1076998
-2650.1189817
-2650.1143956
-2650.1464221
-2650.1681922
-2650.1717940
-2650.1539033
-2650.1301174
-2650.1285275
-2650.1375497
-2650.1406589
-2650.1508419
-2650.1530193
-2650.1560680
-2650.1605668
-2650.1606631
-2650.1616318
-2650.1156216
-2650.1185686
-2650.1224346
-2650.1528715
-2650.1703202
-2650.1483787
-2650.1484872
-2650.1471618
-2650.1405894
-2650.1428614
-2650.1410122
-2650.1340220
-2650.1284301
-2650.1285251
-2650.1440403
-2650.1383812
-2650.1349887
-2650.1422610
-2650.1356775
-2650.1382644
-2650.1423991
-2650.1597576
-2650.1541184
-2650.1558316
-2650.1647721
-2650.1631132
-2650.1540859
-2650.1519753
-2650.1512071
-2650.1195453
-2650.1236187
-2650.1277128
-2650.1268789
-2650.1240600
-2650.1169397
-2650.1101173
-2650.1261551
-2650.1261658
-2650.1287327
-2650.1320287
-2650.1210261
-2650.1192368
-2650.1198021
-2650.1324121
-2650.1480087
-2650.1040971
-2650.1212467
-2650.1323120
-2650.1280918
-2650.1245829
-2650.1225458
-2650.1333505
-2650.1366364
-2650.1417262
-2650.1433752
-2650.1426537
-2650.1421936
-2650.1424774
-2650.1810503
-2650.1816811
-2650.1269984
-2650.1253024
-2650.1245345
-2650.1187482
-2650.1455635
-2650.1425383
-2650.1488646
-2650.1524117
-2650.1571102
-2650.1560646
-2650.1593240
-2650.1672078
-2650.1722248
-2650.1375837
-2650.1349576
-2650.1345615
-2650.1547996
-2650.1557710
-2650.1541039
-2650.1499293
-2650.1380542
-2650.1079590
-2650.1054242
-2650.1075258
-2650.1119119
-2650.1222417
-2650.1254224
-2650.1395399
-2650.1272003
-2650.1243692
-2650.1358734
-2650.1497826
-2650.1355145
-2650.1405366
-2650.1469991
-2650.1528962
-2650.1496943
-2650.1458090
-2650.1493627
-2650.1434178
-2650.1521952
-2650.1445720
-2650.1446573
-2650.1640842
-2650.1661362
-2650.1477038
-2650.1565077
-2650.1571828
-2650.1497960
-2650.1439896
-2650.1397433
-2650.1401789
-2650.1325727
-2650.1190564
-2650.1283965
-2650.1216510
-2650.1625432
-2650.1658458
