-2650.0664907
-2650.0829468
-2650.0562200
-2650.0585112
-2650.0800791
-2650.1141996
-2650.0913216
-2650.1130127
-2650.1059105
-2650.0972567
-2650.0927699
-2650.0928048
-2650.1239424
-2650.1253538
-2650.1108546
-2650.1134191
-2650.1136699
-2650.1153781
-2650.1217990
-2650.1144719
-2650.1153596
-2650.1216563
-2650.1207759
-2650.1186606
-2650.1286363
-2650.1118985
-2650.1169089
-2650.1285194
-2650.1548900
-2650.1564220
-2650.1492490
-2650.1487741
-2650.1128841
-2650.1032783
-2650.1014790
-2650.1024472
-2650.1052484
-2650.1101603
-2650.0801363
-2650.0779155
-2650.1188197
-2650.1014587
-2650.1249193
-2650.1226330
-2650.1126329
-2650.1090435
-2650.1035370
-2650.1074020
-2650.1307323
-2650.1174577
-2650.1190091
-2650.1188377
-2650.1149238
-2650.1121231
-2650.1146385
-2650.1512033
-2650.0985349
-2650.1016218
-2650.0982952
-2650.0948443
-2650.0975479
-2650.1042136
-2650.1047632
-2650.1153288
-2650.1168295
-2650.1149096
-2650.1140756
-2650.1528569
-2650.1088755
-2650.0844575
-2650.0843660
-2650.0889051
-2650.0993218
-2650.1047155
-2650.0900425
-2650.0907528
-2650.1025620
-2650.1282067
-2650.1495124
-2650.1283336
-2650.1273075
-2650.1246354
-2650.1262927
-2650.1249884
-2650.1294530
-2650.1304229
-2650.1271298
-2650.1257262
-2650.1237003
-2650.1290123
-2650.1276959
-2650.1276618
-2650.1305575
-2650.1263866
-2650.1348606
-2650.1343115
-2650.1346859
-2650.1405881
-2650.1388701
-2650.1400346
-2650.1440371
-2650.0803726
-2650.1015136
-2650.1017507
-2650.1055829
-2650.1092624
-2650.1112099
-2650.1007166
-2650.0858039
-2650.0822785
-2650.0861107
-2650.0708136
-2650.0784270
-2650.0882042
-2650.0995087
-2650.1618670
-2650.1041455
-2650.1036040
-2650.1056047
-2650.1039039
-2650.0944118
-2650.0895472
-2650.1141804
-2650.1336311
-2650.1296813
-2650.1004523
-2650.1033056
-2650.1055145
-2650.1115015
-2650.1131841
-2650.1156001
-2650.1008671
-2650.1002057
-2650.1036149
-2650.1179218
-2650.1174893
-2650.1099591
-2650.1270865
-2650.1440007
-2650.1616858
-2650.1021920
-2650.0962741
-2650.0982210
-2650.1015797
-2650.1205935
-2650.1203781
-2650.1112651
-2650.1059102
-2650.1067062
-2650.1395633
-2650.1052156
-2650.1184826
-2650.1162990
-2650.1124985
-2650.0981921
-2650.0993754
-2650.1052425
-2650.1088528
-2650.1119656
-2650.1240921
-2650.1295286
-2650.1279907
-2650.1235576
-2650.1215756
-2650.1075354
-2650.0887650
-2650.0879445
-2650.0925950
-2650.1088074
-2650.1123710
-2650.1110994
-2650.1075844
-2650.1124114
-2650.1200254
-2650.1425277
-2650.1353076
-2650.1562070
-2650.1032494
-2650.1038067
-2650.1190722
-2650.1219757
-2650.1145382
-2650.1049439
-2650.1022016
-2650.1038443
-2650.1158299
-2650.1193877
-2650.1212977
-2650.1210903
-2650.1192597
-2650.1222209
-2650.1397695
-2650.1413705
-2650.1414765
-2650.1425241
-2650.1441301
-2650.1465385
-2650.1529573
-2650.1587904
-2650.1166122
-2650.1006891
-2650.1080419
-2650.1112387
-2650.1074304
-2650.0966341
-2650.0917559
-2650.0923613
-2650.0976893
-2650.1141556
-2650.1123590
-2650.0861207
-2650.1191528
-2650.1163919
-2650.1099246
-2650.1019965
-2650.1001052
-2650.0542622
-2650.0577953
-2650.1065808
-2650.0975639
-2650.0979019
-2650.0954947
-2650.0904538
-2650.0727378
-2650.0650277
-2650.0642317
-2650.0009697
-2650.0740680
-2650.0768813
-2650.1210093
-2650.1329206
-2650.1275890
-2650.1096185
-2650.1111448
-2650.1163281
-2650.1144628
-2650.1095079
-2650.1102700
-2650.1431501
-2650.1554527
-2650.1660455
-2650.0941983
-2650.1045420
-2650.0912239
-2650.0732914
-2650.0932028
-2650.0951078
-2650.1161987
-2650.1162061
-2650.1273221
-2650.1380161
-2650.0842522
-2650.0837401
-2650.0924117
-2650.0720221
-2650.0828262
-2650.0810837
-2650.0791246
-2650.0689805
-2650.0817966
-2650.0986687
-2650.1056903
-2650.1129812
-2650.0985378
-2650.1269388
-2650.1380658
-2650.1331760
-2650.1115701
-2650.1152087
-2650.0864184
-2650.0635571
-2650.0702161
-2650.0742867
-2650.0748750
-2650.0845976
-2650.0866375
-2650.0999900
-2650.1080973
-2650.1280528
-2650.0989954
-2650.1084502
-2650.0834348
-2650.0876838
-2650.0833858
-2650.0891840
-2650.0928201
-2650.0935123
-2650.0938551
-2650.1004606
-2650.1202115
-2650.1465760
-2650.1520536
-2650.0888028
-2650.1082059
-2650.1118917
-2650.0964936
-2650.0939171
-2650.1098338
-2650.1173516
-2650.1253961
-2650.1620588
-2650.1596192
-2650.1517888
-2650.1127853
-2650.0873276
-2650.0814728
-2650.0694645
-2650.0677158
-2650.0681311
-2650.1230887
-2650.1135911
-2650.1050479
-2650.0912579
-2650.0890928
-2650.1104361
-2650.1267187
-2650.1012492
-2650.1172777
-2650.1149279
-2650.1219981
-2650.1267172
-2650.1212402
-2650.1121749
-2650.1026624
-2650.1094789
-2650.1086520
-2650.0899380
-2650.0902069
-2650.0878490
-2650.0989525
-2650.1067727
-2650.0992697
-2650.1086798
-2650.1099542
-2650.1047000
-2650.1073664
-2650.1126119
-2650.1154862
-2650.0989907
-2650.1095909
-2650.0742871
-2650.0817046
-2650.1119379
-2650.1021037
-2650.0997416
-2650.1303248
-2650.1146383
-2650.1103787
-2650.1071610
-2650.1390764
-2650.1183019
-2650.1166372
-2650.1130292
-2650.1134488
-2650.1146973
-2650.1202840
-2650.1220919
-2650.1181465
-2650.1487897
-2650.1516798
-2650.1531264
-2650.1532460
-2650.0673743
-2650.0684313
-2650.0723253
-2650.0778410
-2650.0623411
-2650.0429164
-2650.0376298
-2650.0315027
-2650.0304213
-2649.9523852
-2649.9696886
-2649.9695438
-2649.9698208
-2649.9903862
-2650.0093169
-2650.0159373
-2649.9942068
-2649.9826744
-2649.9703033
-2649.9598985
-2649.9607214
-2649.9417051
-2649.9385612
-2649.9523616
-2650.0016927
-2649.9967151
-2649.9999631
-2650.0108292
-2650.0093273
-2649.9953027
-2650.0121498
-2650.0660486
-2650.0538555
-2650.0274685
-2650.0298589
-2650.0379951
-2650.0431591
-2650.0500351
-2650.0590545
-2650.0899895
-2650.0320733
-2650.1167819
-2650.1171761
-2650.1166572
-2650.1154834
-2650.1155700
-2650.1213072
-2650.1168462
-2650.1017298
-2650.1046963
-2650.1030744
-2650.1019056
-2650.1051753
-2650.1135696
-2650.1335084
-2650.1343888
-2650.1359056
-2650.0971696
-2650.0857755
-2650.1005309
-2650.1025019
-2650.0821034
-2650.0811262
-2650.0679153
-2650.0984231
-2650.0443073
-2650.0625136
-2650.0009778
-2650.0630424
-2650.0741729
-2650.0813732
-2650.0782722
-2650.0731528
-2650.0608693
-2650.0064580
-2649.9803530
-2649.9758399
-2649.9750923
-2649.9683467
-2650.0087507
-2650.0275673
-2650.0168352
-2650.0085551
-2650.0195813
-2650.0441997
-2650.0956412
-2650.0835490
-2650.0752762
-2650.0980837
-2650.0959320
-2650.0846667
-2650.0806679
-2650.0845357
-2650.1106811
-2650.1084180
-2650.0928705
-2650.0983543
-2650.1402166
-2650.1199600
-2650.1142944
-2650.1126813
-2650.1173017
-2650.1216871
-2650.1177641
-2650.1112263
-2650.1142085
-2650.1114131
-2650.1069494
-2650.0991548
-2650.1037783
-2650.1129688
-2650.1113096
-2650.1035447
-2650.1174433
-2650.1260324
-2650.1270478
-2650.1067404
-2650.1125066
-2650.1080854
-2650.0919682
-2650.0877502
-2650.0939884
-2650.0983864
-2650.1109947
-2650.1174896
-2650.1557673
-2650.1190881
-2650.1247016
-2650.0937160
-2650.0866294
-2650.0847299
-2650.0794591
-2650.0756212
-2650.0716912
-2650.1097842
-2650.1118556
-2650.1085049
-2650.1183116
-2650.1350552
-2650.1441026
-2650.0987661
-2650.0950387
-2650.0913618
-2650.0859555
-2650.0804124
-2650.0823200
-2650.0783416
-2650.0733824
-2650.0853565
-2650.0767345
-2650.0805736
-2650.0989881
-2650.1103869
-2650.1153042
-2650.1274073
-2650.1266531
-2650.1140782
-2650.1155105
-2650.1153388
-2650.0975428
-2650.1024681
-2650.0975609
-2650.0954668
-2650.1059829
-2650.1137804
-2650.1168812
-2650.1075651
-2650.0817415
-2650.0892483
-2650.1081637
-2650.0876682
-2650.0957896
-2650.1251849
-2650.1084925
-2650.1282546
-2650.1299737
-2650.1387124
-2650.1563358
-2650.0941568
-2650.0970106
-2650.1199294
-2650.1064983
-2650.1091722
-2650.1340998
-2650.0846605
-2650.0901074
-2650.1288519
-2650.1292366
-2650.1323966
-2650.1478442
-2650.1222329
-2650.1273105
-2650.1200877
-2650.1225165
-2650.1053130
-2650.0967306
-2650.1151816
-2650.0972668
-2650.1012225
-2650.1094043
-2650.1063788
-2650.1027167
-2650.1087701
-2650.1203252
-2650.1233606
-2650.1005628
-2650.1032903
-2650.1063075
-2650.1066731
-2650.1234695
-2650.1156118
-2650.1162390
-2650.1196213
-2650.1228722
-2650.1216409
-2650.1174646
-2650.1133029
-2650.1096667
-2650.1068146
-2650.1132660
-2650.1303295
-2650.1423937
-2650.1455254
-2650.1473728
-2650.1497723
-2650.1016537
-2650.0942595
-2650.0793611
-2650.0838257
-2650.0895927
-2650.1178319
-2650.1342083
-2650.1321006
-2650.1255608
-2650.1264444
-2650.1392399
-2650.1141353
-2650.1084875
-2650.1218620
-2650.1255559
-2650.1264548
-2650.1214007
-2650.1113369
-2650.1123707
-2650.1144598
-2650.1263090
-2650.1285376
-2650.1341342
-2650.1418491
-2650.1549933
-2650.1225344
-2650.1199228
-2650.1236751
-2650.1242134
-2650.1232134
-2650.1217581
-2650.1186231
-2650.1190613
-2650.1186367
-2650.1269426
-2650.1268994
-2650.1257644
-2650.1305690
-2650.1367565
-2650.1506533
-2650.1557369
-2650.0917402
-2650.0889880
-2650.0986219
-2650.1015255
-2650.1010770
-2650.1042263
-2650.1111095
-2650.1205347
-2650.1282926
-2650.1170664
-2650.1203392
-2650.1213945
-2650.1123821
-2650.1209380
-2650.0995332
-2650.0942862
-2650.0944018
-2650.1015307
-2650.1045591
-2650.1265511
-2650.1352922
-2650.1417983
-2650.1070908
-2650.1183033
-2650.1185976
-2650.1175061
-2650.1156186
-2650.1090299
-2650.1035339
-2650.1031941
-2650.1159366
-2650.1207025
-2650.1227656
-2650.1260321
-2650.1298800
-2650.1351596
-2650.1280508
-2650.1029302
-2650.1016549
-2650.1006192
-2650.1142723
-2650.1221832
-2650.1163765
-2650.1117029
-2650.1025057
-2650.1009874
-2650.0997333
-2650.0959161
-2650.1019415
-2650.1185077
-2650.1172711
-2650.1203722
-2650.1102294
-2650.0615195
-2650.0802486
-2650.0785966
-2650.0748866
-2650.0829133
-2650.0758695
-2650.0711478
-2650.0687055
-2650.0690245
-2650.0854154
-2650.0874951
-2650.0813990
-2650.0903567
-2650.0751532
-2650.0938984
-2650.1049044
-2650.1075070
-2650.1072406
-2650.0944700
-2650.0905047
-2650.1240975
-2650.1019692
-2650.1053899
-2650.1087944
-2650.1131911
-2650.1045062
-2650.1029733
-2650.1092324
-2650.1140137
-2650.1208949
-2650.1226895
-2650.1275719
-2650.1634695
-2650.1649869
-2650.0952288
-2650.1055657
-2650.1067548
-2650.1024404
-2650.1105998
-2650.1188126
-2650.1224847
-2650.1305538
-2650.1376284
-2650.1560529
-2650.1581241
-2650.1094406
-2650.1022807
-2650.1048759
-2650.1224612
-2650.1260604
-2650.1143618
-2650.0883315
-2650.0968867
-2650.0954183
-2650.0971702
-2650.1108832
-2650.1115760
-2650.1305577
-2650.1355621
-2650.1446505
-2650.1228527
-2650.1234719
-2650.1222647
-2650.1217543
-2650.1218879
-2650.1209485
-2650.1161263
-2650.1350693
-2650.1000281
-2650.1040478
-2650.0970691
-2650.0957526
-2650.0893331
-2650.0904577
-2650.0927189
-2650.1036413
-2650.1098238
-2650.0969359
-2650.0990757
-2650.1020875
-2650.1038760
-2650.1507665
-2650.1118135
-2650.0822912
-2650.0798006
-2650.0838632
-2650.0939291
-2650.0941278
-2650.0996718
-2650.0948568
-2650.0949396
-2650.1150526
-2650.1139739
-2650.1141877
-2650.1217691
-2650.1260081
-2650.1267195
-2650.1199892
-2650.1117844
-2650.1045956
-2650.1025724
-2650.0908073
-2650.0935490
-2650.1339457
-2650.1395013
-2650.0826150
-2650.1093405
-2650.1004342
-2650.0960578
-2650.1002318
-2650.0953530
-2650.0984346
-2650.1088331
-2650.1286318
-2650.1114911
-2650.1166601
-2650.1119068
-2650.1054938
-2650.0999478
-2650.0904239
-2650.0983102
-2650.1087137
-2650.1125628
-2650.1203314
-2650.1303881
-2650.1368191
-2650.1417036
-2650.1351930
-2650.1093952
-2650.1157911
-2650.1155892
-2650.0959705
-2650.0898516
-2650.0980724
-2650.1188586
-2650.1142551
-2650.1145768
-2650.1331524
-2650.1381076
-2650.1380370
-2650.1348054
-2650.1352707
-2650.0869250
-2650.0987006
-2650.1039953
-2650.0922700
-2650.1032840
-2650.1389252
-2650.1245533
-2650.1049010
-2650.1017590
-2650.0976710
-2650.1073100
-2650.0954794
-2650.0723221
-2650.0499125
-2650.0615632
-2650.0690773
-2650.0797270
-2650.0824455
-2650.0693090
-2650.1094573
-2650.0932285
-2650.0999673
-2650.0984091
-2650.0945026
-2650.1152780
-2650.1148974
-2650.0989672
-2650.1066196
-2650.1091368
-2650.0990820
-2650.1001215
-2650.0998107
-2650.1049203
-2650.1094800
-2650.1127630
-2650.1162794
-2650.1203995
-2650.1102554
-2650.1115220
-2650.0947623
-2650.0922985
-2650.0904205
-2650.0892137
-2650.0968667
-2650.0905889
-2650.1138073
-2650.1417697
-2650.1493370
-2650.1425366
-2650.1272491
-2650.1275608
-2650.1118551
-2650.1159939
-2650.1143623
-2650.1160446
-2650.1187172
-2650.1248402
-2650.1294666
-2650.1322191
-2650.0971651
-2650.1036419
-2650.1133360
-2650.1266676
-2650.1492108
-2650.1202432
-2650.1080665
-2650.1075943
-2650.1193533
-2650.1218430
-2650.1212587
-2650.1168747
-2650.1148545
-2650.1158189
-2650.1066981
-2650.0962255
-2650.0923699
-2650.1069155
-2650.1210794
-2650.1210873
-2650.1234711
-2650.1351750
-2650.1284592
-2650.1306605
-2650.1505846
-2650.1511849
-2650.1469383
-2650.1457460
-2650.1458977
-2650.0947171
-2650.1002308
-2650.1079747
-2650.0856898
-2650.0797173
-2650.0675760
-2650.0558513
-2650.0745877
-2650.0746506
-2650.0747261
-2650.0766337
-2650.0679904
-2650.0693393
-2650.0721865
-2650.0958873
-2650.1128176
-2650.0809005
-2650.0881717
-2650.0862343
-2650.0841558
-2650.0885690
-2650.0897479
-2650.1062108
-2650.1108162
-2650.1183817
-2650.1246095
-2650.1183238
-2650.1159943
-2650.1165708
-2650.1477663
-2650.1453898
-2650.1036151
-2650.1003509
-2650.0976375
-2650.0838867
-2650.1076030
-2650.0986954
-2650.1010891
-2650.1043888
-2650.1117708
-2650.1120758
-2650.1191385
-2650.1321323
-2650.1428939
-2650.0959993
-2650.0911879
-2650.0896514
-2650.1188837
-2650.1230881
-2650.1241530
-2650.1223795
-2650.1143012
-2650.0907033
-2650.0890987
-2650.0922702
-2650.0962491
-2650.1057347
-2650.1082878
-2650.1173484
-2650.1137255
-2650.1138908
-2650.1330908
-2650.1409666
-2650.1285775
-2650.1100870
-2650.1160433
-2650.1214926
-2650.1164452
-2650.1081918
-2650.1102872
-2650.1114465
-2650.1282027
-2650.1320104
-2650.1326811
-2650.1572410
-2650.1592192
-2650.1002405
-2650.1089408
-2650.1132009
-2650.1145669
-2650.1127313
-2650.1119500
-2650.1171610
-2650.1071785
-2650.0907425
-2650.1047388
-2650.1106851
-2650.1397760
-2650.1506009
