-2650.1003337
-2650.1145140
-2650.0882635
-2650.0896288
-2650.1105666
-2650.1436455
-2650.1270596
-2650.1453178
-2650.1495160
-2650.1520858
-2650.1301834
-2650.1341340
-2650.1598886
-2650.1604930
-2650.1433676
-2650.1556619
-2650.1587301
-2650.1582514
-2650.1542308
-2650.1407332
-2650.1401897
-2650.1450243
-2650.1460292
-2650.1474027
-2650.1748525
-2650.1627531
-2650.1733392
-2650.1821744
-2650.1929340
-2650.1911787
-2650.1774716
-2650.1709764
-2650.1529134
-2650.1448381
-2650.1416639
-2650.1410095
-2650.1415609
-2650.1437482
-2650.1137467
-2650.1181277
-2650.1557782
-2650.1389086
-2650.1591784
-2650.1558478
-2650.1576256
-2650.1541237
-2650.1477987
-2650.1480849
-2650.1607928
-2650.1409422
-2650.1434756
-2650.1545294
-2650.1538528
-2650.1621023
-2650.1672712
-2650.1903125
-2650.1414574
-2650.1451484
-2650.1422783
-2650.1406546
-2650.1437755
-2650.1487593
-2650.1364422
-2650.1429981
-2650.1462252
-2650.1511253
-2650.1550020
-2650.1791890
-2650.1390872
-2650.1128266
-2650.1140033
-2650.1207684
-2650.1317712
-2650.1356065
-2650.1491832
-2650.1502671
-2650.1564598
-2650.1656230
-2650.1827212
-2650.1617410
-2650.1593855
-2650.1543743
-2650.1583589
-2650.1580503
-2650.1649396
-2650.1661706
-2650.1643482
-2650.1634357
-2650.1589734
-2650.1647119
-2650.1637622
-2650.1648248
-2650.1682739
-2650.1665526
-2650.1732778
-2650.1709775
-2650.1709393
-2650.1778719
-2650.1757458
-2650.1763637
-2650.1767214
-2650.1338712
-2650.1400568
-2650.1311284
-2650.1335003
-2650.1365933
-2650.1385449
-2650.1296949
-2650.1163818
-2650.1159548
-2650.1223565
-2650.1224325
-2650.1317320
-2650.1409060
-2650.1485532
-2650.1906147
-2650.1447367
-2650.1423731
-2650.1415436
-2650.1392097
-2650.1300085
-2650.1264216
-2650.1556079
-2650.1692487
-2650.1636922
-2650.1485462
-2650.1513341
-2650.1515389
-2650.1457713
-2650.1459491
-2650.1453481
-2650.1286027
-2650.1276339
-2650.1308080
-2650.1447835
-2650.1451268
-2650.1425783
-2650.1710257
-2650.1738181
-2650.1851864
-2650.1477282
-2650.1343017
-2650.1351980
-2650.1374990
-2650.1517183
-2650.1587330
-2650.1560058
-2650.1534641
-2650.1496313
-2650.1714176
-2650.1465048
-2650.1520725
-2650.1490650
-2650.1446017
-2650.1283465
-2650.1292762
-2650.1346331
-2650.1379563
-2650.1407438
-2650.1512156
-2650.1618280
-2650.1619210
-2650.1601593
-2650.1599941
-2650.1584843
-2650.1204324
-2650.1143677
-2650.1203120
-2650.1438555
-2650.1527395
-2650.1599171
-2650.1633729
-2650.1667261
-2650.1710101
-2650.1699789
-2650.1658433
-2650.1864054
-2650.1403006
-2650.1408039
-2650.1507844
-2650.1524097
-2650.1447902
-2650.1454340
-2650.1440080
-2650.1486096
-2650.1618498
-2650.1653785
-2650.1670264
-2650.1663289
-2650.1637997
-2650.1638869
-2650.1793796
-2650.1740377
-2650.1700575
-2650.1626306
-2650.1603576
-2650.1609063
-2650.1669476
-2650.1735785
-2650.1702857
-2650.1510778
-2650.1540411
-2650.1572205
-2650.1528632
-2650.1316081
-2650.1184255
-2650.1180188
-2650.1223357
-2650.1358636
-2650.1332028
-2650.1053915
-2650.1398250
-2650.1395223
-2650.1359020
-2650.1309675
-2650.1402022
-2650.1071545
-2650.1082392
-2650.1493530
-2650.1265053
-2650.1252013
-2650.1231189
-2650.1190702
-2650.0943591
-2650.1165416
-2650.1332546
-2650.0912174
-2650.1133556
-2650.1187259
-2650.1579673
-2650.1663817
-2650.1583124
-2650.1515540
-2650.1513133
-2650.1450619
-2650.1546382
-2650.1571396
-2650.1602203
-2650.1793589
-2650.1860727
-2650.1893946
-2650.1426277
-2650.1522881
-2650.1286701
-2650.1062647
-2650.1217262
-2650.1233823
-2650.1723749
-2650.1732612
-2650.1726147
-2650.1667872
-2650.1337412
-2650.1203810
-2650.1274216
-2650.1046044
-2650.1170306
-2650.1140930
-2650.1113921
-2650.1068229
-2650.1197541
-2650.1340970
-2650.1389639
-2650.1375492
-2650.1162190
-2650.1395217
-2650.1518108
-2650.1502132
-2650.1439847
-2650.1434389
-2650.1203081
-2650.1124854
-2650.1176574
-2650.1194492
-2650.1187951
-2650.1235385
-2650.1249826
-2650.1372203
-2650.1462062
-2650.1574078
-2650.1215581
-2650.1364862
-2650.1187421
-2650.1321205
-2650.1341387
-2650.1409503
-2650.1456784
-2650.1476937
-2650.1465339
-2650.1459624
-2650.1588855
-2650.1802135
-2650.1851391
-2650.1300460
-2650.1502736
-2650.1538789
-2650.1358082
-2650.1318668
-2650.1367111
-2650.1741908
-2650.1783850
-2650.1855484
-2650.1844052
-2650.1885956
-2650.1529459
-2650.1189406
-2650.1146266
-2650.1082831
-2650.1050751
-2650.1036788
-2650.1592784
-2650.1559164
-2650.1503339
-2650.1453896
-2650.1455220
-2650.1394435
-2650.1550115
-2650.1339373
-2650.1703797
-2650.1786708
-2650.1442710
-2650.1472220
-2650.1421439
-2650.1338349
-2650.1250130
-2650.1333133
-2650.1329589
-2650.1150783
-2650.1159306
-2650.1155404
-2650.1267606
-2650.1349040
-2650.1290736
-2650.1334302
-2650.1413281
-2650.1413658
-2650.1452568
-2650.1447315
-2650.1433449
-2650.1517981
-2650.1656921
-2650.1348820
-2650.1412670
-2650.1649018
-2650.1346756
-2650.1274108
-2650.1450717
-2650.1301712
-2650.1224455
-2650.1173777
-2650.1591666
-2650.1514838
-2650.1501498
-2650.1481920
-2650.1493382
-2650.1513899
-2650.1600626
-2650.1649859
-2650.1684670
-2650.1877176
-2650.1895011
-2650.1924728
-2650.1944531
-2650.1158248
-2650.1155197
-2650.1166979
-2650.1180568
-2650.1018704
-2650.0823273
-2650.0781721
-2650.0757973
-2650.0856153
-2650.0433567
-2650.0611176
-2650.0590902
-2650.0559721
-2650.0486576
-2650.0485240
-2650.0347861
-2650.0103915
-2650.0031798
-2649.9936077
-2649.9936473
-2650.0018757
-2650.0017832
-2650.0041941
-2650.0186824
-2650.0558117
-2650.0497191
-2650.0539566
-2650.0521497
-2650.0553451
-2650.0567232
-2650.0598948
-2650.1026044
-2650.0931501
-2650.0449261
-2650.0425498
-2650.0457627
-2650.0500559
-2650.0564999
-2650.0655070
-2650.1006628
-2650.0479798
-2650.1478422
-2650.1476138
-2650.1462284
-2650.1428388
-2650.1417743
-2650.1449511
-2650.1411861
-2650.1274908
-2650.1294046
-2650.1272018
-2650.1253282
-2650.1258282
-2650.1321557
-2650.1503206
-2650.1540727
-2650.1535688
-2650.1244866
-2650.1143610
-2650.1284714
-2650.1320002
-2650.1214325
-2650.1137495
-2650.0995082
-2650.1350397
-2650.0888059
-2650.1158770
-2650.0623571
-2650.1004059
-2650.1125851
-2650.1205186
-2650.1161261
-2650.1083519
-2650.0843310
-2650.0487239
-2650.0316952
-2650.0436887
-2650.0500341
-2650.0229516
-2650.0583109
-2650.0747958
-2650.0703853
-2650.0668373
-2650.0742388
-2650.0830127
-2650.1065323
-2650.0961424
-2650.0873808
-2650.1198481
-2650.1244248
-2650.1193833
-2650.1171901
-2650.1283528
-2650.1737187
-2650.1746742
-2650.1556727
-2650.1581625
-2650.1884997
-2650.1648066
-2650.1555630
-2650.1491351
-2650.1523164
-2650.1553851
-2650.1476488
-2650.1371957
-2650.1393393
-2650.1360574
-2650.1321968
-2650.1268770
-2650.1325263
-2650.1424060
-2650.1411494
-2650.1328564
-2650.1389435
-2650.1369901
-2650.1409801
-2650.1494248
-2650.1356767
-2650.1325693
-2650.1308079
-2650.1300284
-2650.1284963
-2650.1320271
-2650.1546069
-2650.1789259
-2650.1950885
-2650.1545186
-2650.1576167
-2650.1206647
-2650.1153222
-2650.1147290
-2650.1105629
-2650.1067951
-2650.1027719
-2650.1443606
-2650.1525494
-2650.1595281
-2650.1653838
-2650.1757995
-2650.1808602
-2650.1331837
-2650.1295391
-2650.1261587
-2650.1218256
-2650.1208017
-2650.1242685
-2650.1206567
-2650.1160133
-2650.1286045
-2650.1204962
-2650.1241031
-2650.1417704
-2650.1528648
-2650.1570807
-2650.1565750
-2650.1653238
-2650.1468270
-2650.1439467
-2650.1417234
-2650.1304091
-2650.1391386
-2650.1372136
-2650.1357775
-2650.1444099
-2650.1503809
-2650.1445961
-2650.1327409
-2650.1062338
-2650.1134272
-2650.1322469
-2650.1148106
-2650.1259477
-2650.1607305
-2650.1490610
-2650.1700609
-2650.1690768
-2650.1713455
-2650.1837377
-2650.1492616
-2650.1444103
-2650.1485210
-2650.1312794
-2650.1320132
-2650.1535876
-2650.1369006
-2650.1412143
-2650.1561570
-2650.1657687
-2650.1785694
-2650.1803339
-2650.1746709
-2650.1737328
-2650.1537446
-2650.1528493
-2650.1200454
-2650.1131813
-2650.1371719
-2650.1266480
-2650.1325688
-2650.1436773
-2650.1402981
-2650.1345954
-2650.1401043
-2650.1504326
-2650.1529101
-2650.1542928
-2650.1574456
-2650.1610293
-2650.1598612
-2650.1652216
-2650.1476706
-2650.1455589
-2650.1480493
-2650.1506167
-2650.1512879
-2650.1498823
-2650.1488366
-2650.1485519
-2650.1492182
-2650.1679215
-2650.1789103
-2650.1835477
-2650.1808463
-2650.1836765
-2650.1884756
-2650.1568796
-2650.1506397
-2650.1372868
-2650.1390173
-2650.1436167
-2650.1681823
-2650.1811698
-2650.1750005
-2650.1661232
-2650.1611407
-2650.1696736
-2650.1570325
-2650.1507044
-2650.1644555
-2650.1686346
-2650.1701240
-2650.1664355
-2650.1579537
-2650.1588585
-2650.1609230
-2650.1683717
-2650.1593710
-2650.1585002
-2650.1630916
-2650.1838044
-2650.1527976
-2650.1521774
-2650.1561272
-2650.1560400
-2650.1543849
-2650.1520874
-2650.1447524
-2650.1428758
-2650.1439401
-2650.1568667
-2650.1646734
-2650.1666796
-2650.1806217
-2650.1844112
-2650.1896835
-2650.1881439
-2650.1255913
-2650.1241094
-2650.1353339
-2650.1394742
-2650.1399023
-2650.1429141
-2650.1483490
-2650.1552346
-2650.1600355
-2650.1308363
-2650.1344726
-2650.1447286
-2650.1547348
-2650.1548780
-2650.1244656
-2650.1200349
-2650.1199834
-2650.1246525
-2650.1275237
-2650.1558132
-2650.1623916
-2650.1692309
-2650.1671743
-2650.1604090
-2650.1581566
-2650.1528469
-2650.1493617
-2650.1405423
-2650.1337933
-2650.1330683
-2650.1498840
-2650.1583003
-2650.1626096
-2650.1792555
-2650.1858152
-2650.1747383
-2650.1737982
-2650.1620197
-2650.1594683
-2650.1537977
-2650.1543275
-2650.1545721
-2650.1404913
-2650.1358210
-2650.1293553
-2650.1297065
-2650.1297843
-2650.1246376
-2650.1293086
-2650.1537401
-2650.1632245
-2650.1455918
-2650.1353524
-2650.0939383
-2650.1206903
-2650.1191673
-2650.1107991
-2650.1106297
-2650.1041089
-2650.0999749
-2650.0983187
-2650.1014926
-2650.1330992
-2650.1392781
-2650.1339017
-2650.1460114
-2650.1349646
-2650.1244552
-2650.1334389
-2650.1311559
-2650.1288725
-2650.1205219
-2650.1244522
-2650.1877304
-2650.1314500
-2650.1343753
-2650.1362265
-2650.1374381
-2650.1265134
-2650.1274019
-2650.1344812
-2650.1397712
-2650.1499402
-2650.1657800
-2650.1851869
-2650.1930292
-2650.1964542
-2650.1418656
-2650.1549049
-2650.1586563
-2650.1558391
-2650.1623191
-2650.1653498
-2650.1657451
-2650.1596632
-2650.1640558
-2650.1757639
-2650.1767799
-2650.1518845
-2650.1551903
-2650.1599663
-2650.1702663
-2650.1705736
-2650.1413706
-2650.1139430
-2650.1224596
-2650.1183265
-2650.1202651
-2650.1460201
-2650.1464431
-2650.1615497
-2650.1664754
-2650.1789219
-2650.1543000
-2650.1582892
-2650.1583577
-2650.1582176
-2650.1580739
-2650.1559072
-2650.1488313
-2650.1661727
-2650.1282083
-2650.1340640
-2650.1411173
-2650.1424623
-2650.1488870
-2650.1538093
-2650.1565484
-2650.1657743
-2650.1518246
-2650.1153196
-2650.1163371
-2650.1186044
-2650.1221978
-2650.1722442
-2650.1471372
-2650.1250243
-2650.1222314
-2650.1253345
-2650.1295489
-2650.1258142
-2650.1293396
-2650.1172750
-2650.1159154
-2650.1341542
-2650.1548121
-2650.1581665
-2650.1597876
-2650.1597467
-2650.1581259
-2650.1434896
-2650.1358774
-2650.1297249
-2650.1282518
-2650.1201931
-2650.1213079
-2650.1735963
-2650.1746393
-2650.1300610
-2650.1619178
-2650.1536417
-2650.1491476
-2650.1531292
-2650.1459461
-2650.1483303
-2650.1585334
-2650.1670463
-2650.1342618
-2650.1394277
-2650.1385961
-2650.1352971
-2650.1333261
-2650.1286632
-2650.1329539
-2650.1418499
-2650.1458030
-2650.1538701
-2650.1640706
-2650.1716818
-2650.1792206
-2650.1829807
-2650.1480774
-2650.1498941
-2650.1495118
-2650.1305602
-2650.1261312
-2650.1346869
-2650.1525505
-2650.1500735
-2650.1520665
-2650.1649304
-2650.1675808
-2650.1657388
-2650.1684085
-2650.1715347
-2650.1220823
-2650.1317370
-2650.1368000
-2650.1307818
-2650.1333004
-2650.1737719
-2650.1419562
-2650.1647347
-2650.1560024
-2650.1487950
-2650.1371677
-2650.1258408
-2650.1041283
-2650.0864350
-2650.0961339
-2650.1031310
-2650.1126419
-2650.1147170
-2650.0977567
-2650.1346861
-2650.1138481
-2650.1171518
-2650.1150881
-2650.1105424
-2650.1286503
-2650.1281859
-2650.1128922
-2650.1195349
-2650.1217371
-2650.1578407
-2650.1612482
-2650.1629796
-2650.1678186
-2650.1724269
-2650.1726049
-2650.1724822
-2650.1640676
-2650.1397870
-2650.1386179
-2650.1244186
-2650.1235519
-2650.1230537
-2650.1229615
-2650.1334554
-2650.1289187
-2650.1618105
-2650.1753644
-2650.1793361
-2650.1676501
-2650.1438115
-2650.1382384
-2650.1539163
-2650.1569908
-2650.1508219
-2650.1529778
-2650.1560362
-2650.1609907
-2650.1617961
-2650.1630324
-2650.1337159
-2650.1364149
-2650.1287975
-2650.1671590
-2650.1810260
-2650.1656570
-2650.1529693
-2650.1505732
-2650.1581616
-2650.1604319
-2650.1584255
-2650.1510081
-2650.1443571
-2650.1425068
-2650.1367171
-2650.1272689
-2650.1234330
-2650.1361598
-2650.1484965
-2650.1551065
-2650.1594109
-2650.1768205
-2650.1705896
-2650.1716357
-2650.1784131
-2650.1760025
-2650.1644307
-2650.1615009
-2650.1592281
-2650.1377413
-2650.1413324
-2650.1434412
-2650.1210012
-2650.1187633
-2650.1123770
-2650.1054853
-2650.1175372
-2650.1170885
-2650.1192081
-2650.1252476
-2650.1216095
-2650.1209260
-2650.1216540
-2650.1341070
-2650.1504797
-2650.1000627
-2650.1213952
-2650.1297660
-2650.1314294
-2650.1318116
-2650.1295694
-2650.1380386
-2650.1405134
-2650.1587618
-2650.1492425
-2650.1432533
-2650.1403524
-2650.1384195
-2650.1733637
-2650.1742800
-2650.1375116
-2650.1363540
-2650.1357699
-2650.1270646
-2650.1491141
-2650.1469494
-2650.1516977
-2650.1545436
-2650.1562405
-2650.1554848
-2650.1598617
-2650.1693387
-2650.1760695
-2650.1551553
-2650.1523540
-2650.1517651
-2650.1711723
-2650.1718507
-2650.1698143
-2650.1651288
-2650.1520937
-2650.1236349
-2650.1211171
-2650.1223108
-2650.1256654
-2650.1342542
-2650.1363009
-2650.1397379
-2650.1301525
-2650.1288296
-2650.1511648
-2650.1643341
-2650.1480566
-2650.1578207
-2650.1610195
-2650.1656756
-2650.1566910
-2650.1434172
-2650.1485451
-2650.1444308
-2650.1551296
-2650.1583158
-2650.1601407
-2650.1729694
-2650.1718214
-2650.1655439
-2650.1739206
-2650.1743112
-2650.1660204
-2650.1596058
-2650.1546138
-2650.1528669
-2650.1354084
-2650.1179115
-2650.1276891
-2650.1341342
-2650.1765714
-2650.1777483
